0 0 0
1 0 0
2 0 0
3 3.95523532138301e-05 0
4 0.000155915612724228 0
5 0.000345733234039394 0
6 0.000605758278413226 0.00300000000000011
7 0.000932850234163445 0.00300000000000011
8 0.00132397192438686 0.00300000000000011
9 0.00177618649881769 0.00300000000000011
10 0.00228665450763204 0.00300000000000011
11 0.00285263105505734 0.00300000000000011
12 0.00347146303070002 0.00300000000000011
13 0.0041405864165575 0.00300000000000011
14 0.0048575236677326 0.00599999999999987
15 0.00561988116491851 0.00599999999999987
16 0.00642534673677195 0.00899999999999999
17 0.00727168725033981 0.00899999999999999
18 0.00815674626775151 0.00899999999999999
19 0.00907844176743468 0.00899999999999999
20 0.0100347639281565 0.00899999999999999
21 0.0110237729742358 0.0125
22 0.0120435970803143 0.00899999999999999
23 0.0130924303341151 0.0125
24 0.0141685307556581 0.0125
25 0.0152702183714404 0.0125
26 0.0163958733421277 0.0125
27 0.0175439341423409 0.0155000000000001
28 0.0187128957911582 0.0155000000000001
29 0.0199013081319859 0.0184999999999999
30 0.0211077741604908 0.0215
31 0.0223309483993149 0.0215
32 0.0235695353183305 0.0215
33 0.0248222877992225 0.0215
34 0.0260880056432184 0.025
35 0.0273655341208148 0.025
36 0.0286537625623807 0.025
37 0.0299516229885447 0.0280000000000001
38 0.0312580887793038 0.0280000000000001
39 0.0325721733808161 0.0280000000000001
40 0.0338929290488695 0.0309999999999999
41 0.0352194456280421 0.034
42 0.0365508493655963 0.034
43 0.0378863017591747 0.0375
44 0.0392249984373865 0.0375
45 0.0405661680724016 0.0405000000000001
46 0.0419090713236879 0.0405000000000001
47 0.0432529998120529 0.0434999999999999
48 0.0445972751231704 0.0434999999999999
49 0.0459412478397961 0.0465
50 0.0472842966018948 0.05
51 0.0486258271939241 0.05
52 0.0499652716585373 0.0530000000000001
53 0.0513020874359888 0.0530000000000001
54 0.0526357565285431 0.0530000000000001
55 0.0539657846892069 0.0559999999999999
56 0.0552917006341226 0.0559999999999999
57 0.0566130552779763 0.059
58 0.0579294209917941 0.059
59 0.0592403908825127 0.0625
60 0.0605455780937291 0.0625
61 0.06184461512705 0.0655000000000001
62 0.0631371531834744 0.0655000000000001
63 0.0644228615242598 0.0684999999999999
64 0.0657014268507364 0.0715
65 0.0669725527025471 0.0715
66 0.0682359588738058 0.0715
67 0.069491380846679 0.075
68 0.0707385692419093 0.0780000000000001
69 0.0719772892858119 0.0780000000000001
70 0.0732073202932876 0.0780000000000001
71 0.0744284551664082 0.0780000000000001
72 0.0756404999081409 0.0780000000000001
73 0.076843273150791 0.0780000000000001
74 0.078036605698753 0.0809999999999999
75 0.0792203400851705 0.0809999999999999
76 0.0803943301421161 0.084
77 0.0815584405839141 0.084
78 0.0827125466032364 0.084
79 0.0838565334796139 0.084
80 0.0849902962000149 0.084
81 0.0861137390911503 0.0875
82 0.0872267754631745 0.0875
83 0.0883293272644627 0.0905000000000001
84 0.089421324747148 0.0905000000000001
85 0.090502706143117 0.0934999999999999
86 0.091573417350165 0.0934999999999999
87 0.0926334116280233 0.0934999999999999
88 0.0936826493039774 0.0934999999999999
89 0.0947210974878033 0.0965
90 0.0957487297957547 0.0965
91 0.0967655260833439 0.0965
92 0.0977714721866632 0.1
93 0.0987665596720031 0.1
94 0.0997507855935275 0.1
95 0.100724152258775 0.103
96 0.101686667001759 0.103
97 0.102638341963452 0.106
98 0.10357919387943 0.106
99 0.104509243874484 0.106
100 0.10542851726398 0.109
101 0.106337043361787 0.109
102 0.107234855294568 0.109
103 0.108121989822255 0.1125
104 0.108998487164529 0.1125
105 0.109864390833121 0.1125
106 0.110719747469771 0.1155
107 0.111564606689671 0.1155
108 0.112399020930238 0.1155
109 0.113223045305053 0.1155
110 0.114036737462815 0.1155
111 0.114840157451162 0.1155
112 0.115633367585212 0.1185
113 0.116416432320683 0.1185
114 0.117189418131465 0.1185
115 0.117952393391487 0.1185
116 0.118705428260778 0.1215
117 0.119448594575577 0.1215
118 0.120181965742375 0.1215
119 0.12090561663577 0.1215
120 0.121619623500025 0.125
121 0.122324063854203 0.125
122 0.123019016400782 0.125
123 0.12370456093764 0.125
124 0.124380778273307 0.125
125 0.125047750145377 0.125
126 0.125705559141997 0.125
127 0.12635428862632 0.128
128 0.12699402266385 0.125
129 0.127624845952566 0.128
130 0.128246843755763 0.125
131 0.128860101837507 0.128
132 0.129464706400624 0.128
133 0.130060744027158 0.128
134 0.1306483016212 0.128
135 0.131227466354026 0.128
136 0.131798325611468 0.128
137 0.132360966943442 0.131
138 0.132915478015576 0.131
139 0.13346194656285 0.131
140 0.134000460345211 0.131
141 0.134531107105069 0.131
142 0.135053974526643 0.131
143 0.135569150197068 0.131
144 0.136076721569231 0.134
145 0.13657677592626 0.134
146 0.137069400347623 0.134
147 0.137554681676782 0.134
148 0.138032706490344 0.134
149 0.138503561068665 0.1375
150 0.138967331367866 0.1405
151 0.13942410299319 0.1405
152 0.139873961173681 0.1405
153 0.140316990738125 0.1405
154 0.140753276092217 0.1405
155 0.141182901196902 0.1405
156 0.141605949547867 0.1435
157 0.142022504156126 0.1435
158 0.142432647529669 0.1435
159 0.142836461656146 0.1435
160 0.143234027986527 0.1435
161 0.143625427419729 0.1435
162 0.14401074028816 0.1435
163 0.144390046344152 0.1435
164 0.144763424747249 0.1435
165 0.145130954052325 0.1435
166 0.145492712198499 0.1435
167 0.145848776498808 0.1435
168 0.146199223630632 0.1435
169 0.146544129626823 0.1435
170 0.146883569867517 0.1465
171 0.147217619072617 0.1465
172 0.147546351294898 0.15
173 0.147869839913733 0.15
174 0.148188157629399 0.15
175 0.148501376457956 0.15
176 0.148809567726661 0.1465
177 0.149112802069912 0.1465
178 0.149411149425688 0.15
179 0.149704679032469 0.15
180 0.149993459426629 0.15
181 0.15027755844026 0.15
182 0.150557043199428 0.15
183 0.150831980122838 0.153
184 0.151102434920889 0.153
185 0.151368472595103 0.15
186 0.151630157437911 0.153
187 0.151887553032793 0.153
188 0.152140722254733 0.153
189 0.152389727270997 0.153
190 0.15263462954221 0.156
191 0.152875489823723 0.156
192 0.153112368167245 0.156
193 0.15334532392275 0.156
194 0.153574415740622 0.156
195 0.153799701574044 0.156
196 0.154021238681612 0.153
197 0.154239083630164 0.156
198 0.154453292297815 0.153
199 0.154663919877185 0.153
200 0.154871020878813 0.153
201 0.155074649134748 0.153
202 0.155274857802299 0.153
203 0.155471699367952 0.153
204 0.15566522565143 0.153
205 0.155855487809889 0.153
206 0.156042536342256 0.153
207 0.156226421093685 0.153
208 0.156407191260128 0.15
209 0.156584895393025 0.153
210 0.156759581404086 0.15
211 0.156931296570177 0.15
212 0.15710008753829 0.15
213 0.157266000330604 0.15
214 0.157429080349614 0.15
215 0.15758937238334 0.15
216 0.1577469206106 0.15
217 0.157901768606339 0.15
218 0.158053959347021 0.15
219 0.15820353521607 0.153
220 0.158350538009351 0.153
221 0.158495008940703 0.153
222 0.158636988647498 0.153
223 0.158776517196244 0.153
224 0.158913634088205 0.153
225 0.159048378265059 0.153
226 0.159180788114564 0.153
227 0.159310901476254 0.153
228 0.159438755647138 0.153
229 0.159564387387419 0.156
230 0.159687832926215 0.156
231 0.159809127967286 0.156
232 0.159928307694764 0.153
233 0.160045406778885 0.153
234 0.160160459381706 0.153
235 0.160273499162831 0.156
236 0.160384559285114 0.156
237 0.160493672420365 0.156
238 0.160600870755029 0.156
239 0.160706185995863 0.156
240 0.160809649375583 0.156
241 0.1609112916585 0.156
242 0.161011143146135 0.159
243 0.161109233682807 0.159
244 0.161205592661196 0.159
245 0.161300249027888 0.159
246 0.161393231288882 0.159
247 0.161484567515077 0.159
248 0.161574285347719 0.159
249 0.161662412003829 0.159
250 0.161748974281585 0.159
251 0.16183399856568 0.159
252 0.161917510832642 0.159
253 0.161999536656114 0.159
254 0.162080101212102 0.159
255 0.162159229284184 0.159
256 0.162236945268682 0.159
257 0.162313273179789 0.159
258 0.162388236654658 0.159
259 0.16246185895846 0.159
260 0.162534162989381 0.159
261 0.162605171283597 0.159
262 0.162674906020191 0.159
263 0.162743389026039 0.159
264 0.162810641780641 0.1625
265 0.16287668542092 0.159
266 0.162941540745964 0.1625
267 0.163005228221736 0.159
268 0.16306776798573 0.159
269 0.163129179851583 0.1625
270 0.163189483313648 0.1625
271 0.163248697551513 0.1655
272 0.163306841434477 0.1625
273 0.163363933525985 0.1655
274 0.16341999208801 0.1655
275 0.163475035085391 0.1655
276 0.163529080190127 0.1625
277 0.163582144785621 0.1655
278 0.163634245970883 0.1655
279 0.16368540056468 0.1625
280 0.163735625109646 0.1625
281 0.16378493587634 0.1625
282 0.163833348867265 0.1625
283 0.163880879820834 0.1655
284 0.163927544215291 0.1655
285 0.163973357272593 0.1625
286 0.164018333962238 0.1655
287 0.164062489005051 0.1655
288 0.164105836876928 0.1655
289 0.164148391812524 0.1625
290 0.164190167808913 0.1655
291 0.164231178629184 0.1655
292 0.164271437806009 0.1655
293 0.164310958645158 0.1655
294 0.164349754228969 0.1655
295 0.164387837419779 0.1655
296 0.164425220863311 0.1685
297 0.164461916992014 0.1655
298 0.164497938028361 0.1655
299 0.164533295988107 0.1655
300 0.164568002683504 0.1655
301 0.164602069726471 0.1655
302 0.164635508531723 0.1655
303 0.164668330319866 0.1685
304 0.164700546120434 0.1655
305 0.164732166774906 0.1655
306 0.164763202939666 0.1655
307 0.164793665088931 0.1655
308 0.164823563517638 0.1655
309 0.164852908344289 0.1655
310 0.16488170951376 0.1625
311 0.164909976800072 0.1625
312 0.164937719809116 0.1625
313 0.164964947981352 0.1625
314 0.16499167059446 0.1655
315 0.165017896765959 0.1625
316 0.165043635455787 0.1625
317 0.165068895468847 0.1625
318 0.165093685457514 0.1625
319 0.165118013924106 0.159
320 0.165141889223322 0.159
321 0.165165319564645 0.159
322 0.165188313014706 0.159
323 0.165210877499621 0.1625
324 0.165233020807283 0.159
325 0.165254750589636 0.159
326 0.1652760743649 0.159
327 0.165296999519772 0.159
328 0.165317533311595 0.1625
329 0.16533768287049 0.1625
330 0.16535745520146 0.1655
331 0.165376857186463 0.1655
332 0.165395895586449 0.1655
333 0.165414577043373 0.1655
334 0.165432908082176 0.1655
335 0.16545089511273 0.1655
336 0.165468544431764 0.1625
337 0.165485862224752 0.1655
338 0.165502854567775 0.1625
339 0.165519527429359 0.1625
340 0.165535886672277 0.1625
341 0.165551938055328 0.1625
342 0.165567687235091 0.1625
343 0.165583139767644 0.1625
344 0.165598301110265 0.1625
345 0.165613176623104 0.1625
346 0.165627771570824 0.1625
347 0.165642091124221 0.1625
348 0.165656140361821 0.1625
349 0.165669924271448 0.1625
350 0.165683447751765 0.1655
351 0.165696715613801 0.1625
352 0.165709732582439 0.1655
353 0.165722503297895 0.1655
354 0.165735032317165 0.1655
355 0.165747324115449 0.1655
356 0.165759383087559 0.1655
357 0.165771213549295 0.1655
358 0.165782819738809 0.1655
359 0.165794205817938 0.1655
360 0.165805375873522 0.1655
361 0.165816333918699 0.1655
362 0.165827083894178 0.1625
363 0.165837629669492 0.1655
364 0.16584797504423 0.1655
365 0.165858123749254 0.1655
366 0.165868079447888 0.1655
367 0.165877845737091 0.1655
368 0.165887426148618 0.1655
369 0.16589682415015 0.1625
370 0.165906043146413 0.1625
371 0.165915086480277 0.1625
372 0.165923957433839 0.1625
373 0.165932659229481 0.1625
374 0.165941195030922 0.1625
375 0.165949567944241 0.1625
376 0.165957781018892 0.1625
377 0.165965837248697 0.1625
378 0.165973739572824 0.1625
379 0.16598149087675 0.1625
380 0.165989093993206 0.1625
381 0.165996551703108 0.1625
382 0.166003866736469 0.1625
383 0.166011041773302 0.1625
384 0.166018079444504 0.1625
385 0.16602498233272 0.1655
386 0.166031752973205 0.1655
387 0.166038393854661 0.1655
388 0.166044907420063 0.1655
389 0.166051296067472 0.1655
390 0.166057562150835 0.1655
391 0.166063707980767 0.1655
392 0.166069735825326 0.1655
393 0.166075647910769 0.1655
394 0.166081446422303 0.1655
395 0.166087133504809 0.1625
396 0.166092711263575 0.1625
397 0.166098181764991 0.1625
398 0.166103547037257 0.1625
399 0.166108809071061 0.1655
400 0.166113969820252 0.1655
401 0.166119031202504 0.1655
402 0.166123995099964 0.1625
403 0.16612886335989 0.1655
404 0.166133637795281 0.1655
405 0.166138320185491 0.1655
406 0.166142912276839 0.1655
407 0.166147415783201 0.1685
408 0.166151832386596 0.1685
409 0.166156163737765 0.1685
410 0.166160411456731 0.1685
411 0.166164577133362 0.1715
412 0.166168662327906 0.1715
413 0.166172668571539 0.1685
414 0.166176597366884 0.1685
415 0.166180450188534 0.1685
416 0.166184228483557 0.1655
417 0.166187933671998 0.1625
418 0.166191567147372 0.1625
419 0.166195130277141 0.1625
420 0.166198624403196 0.1625
421 0.166202050842317 0.1625
422 0.166205410886632 0.1655
423 0.166208705804069 0.1655
424 0.166211936838795 0.1655
425 0.166215105211652 0.1655
426 0.166218212120582 0.1625
427 0.166221258741047 0.1625
428 0.166224246226439 0.1625
429 0.166227175708487 0.1625
430 0.166230048297651 0.1625
431 0.166232865083511 0.1625
432 0.166235627135157 0.1625
433 0.166238335501557 0.1625
434 0.166240991211932 0.1625
435 0.166243595276115 0.1625
436 0.166246148684914 0.1625
437 0.166248652410455 0.1625
438 0.166251107406531 0.1625
439 0.166253514608936 0.1625
440 0.166255874935801 0.1625
441 0.166258189287918 0.1625
442 0.16626045854906 0.1655
443 0.166262683586293 0.1655
444 0.166264865250291 0.1655
445 0.166267004375634 0.1655
446 0.166269101781105 0.1655
447 0.166271158269988 0.1685
448 0.166273174630351 0.1685
449 0.166275151635328 0.1685
450 0.166277090043396 0.1715
451 0.166278990598651 0.1715
452 0.16628085403107 0.1715
453 0.166282681056774 0.1715
454 0.166284472378289 0.1685
455 0.166286228684795 0.1685
456 0.166287950652377 0.1685
457 0.166289638944265 0.1685
458 0.16629129421108 0.1685
459 0.166292917091062 0.1715
460 0.166294508210305 0.1685
461 0.166296068182983 0.1685
462 0.16629759761157 0.1685
463 0.166299097087063 0.1685
464 0.166300567189192 0.1685
465 0.166302008486634 0.1685
466 0.166303421537217 0.1655
467 0.166304806888124 0.1655
468 0.166306165076094 0.1655
469 0.166307496627615 0.1655
470 0.166308802059117 0.1655
471 0.166310081877161 0.1655
472 0.166311336578626 0.1655
473 0.166312566650884 0.1655
474 0.166313772571988 0.1655
475 0.166314954810838 0.1655
476 0.16631611382736 0.1685
477 0.16631725007267 0.1685
478 0.166318363989244 0.1685
479 0.166319456011074 0.1685
480 0.166320526563836 0.1685
481 0.16632157606504 0.1685
482 0.166322604924188 0.1685
483 0.166323613542921 0.1685
484 0.166324602315172 0.1685
485 0.166325571627308 0.1715
486 0.166326521858273 0.1685
487 0.166327453379731 0.1685
488 0.1663283665562 0.1685
489 0.166329261745189 0.1655
490 0.16633013929733 0.1655
491 0.166330999556509 0.1655
492 0.166331842859993 0.1655
493 0.166332669538553 0.1655
494 0.166333479916593 0.1685
495 0.166334274312263 0.1685
496 0.166335053037585 0.1685
497 0.166335816398563 0.1685
498 0.166336564695302 0.1655
499 0.166337298222117 0.1655
500 0.166338017267642 0.1655
501 0.166338722114943 0.1655
502 0.166339413041618 0.1655
503 0.166340090319904 0.1655
504 0.166340754216779 0.1655
505 0.166341404994061 0.1655
506 0.166342042908507 0.1655
507 0.166342668211909 0.1685
508 0.166343281151187 0.1685
509 0.166343881968485 0.1685
510 0.166344470901261 0.1715
511 0.166345048182375 0.1685
512 0.166345614040176 0.1685
513 0.166346168698592 0.1685
514 0.16634671237721 0.1685
515 0.166347245291363 0.1685
516 0.166347767652207 0.1655
517 0.166348279666805 0.1685
518 0.1663487815382 0.1685
519 0.166349273465499 0.1685
520 0.166349755643942 0.1685
521 0.166350228264979 0.1685
522 0.166350691516342 0.1685
523 0.166351145582116 0.1685
524 0.166351590642808 0.1685
525 0.166352026875419 0.1685
526 0.166352454453506 0.1685
527 0.166352873547254 0.1685
528 0.166353284323534 0.1685
529 0.166353686945973 0.1685
530 0.166354081575013 0.1685
531 0.16635446836797 0.1685
532 0.1663548474791 0.1685
533 0.166355219059652 0.1685
534 0.166355583257931 0.1685
535 0.166355940219347 0.1685
536 0.166356290086481 0.1685
537 0.166356632999131 0.1715
538 0.166356969094369 0.1685
539 0.166357298506592 0.1715
540 0.166357621367577 0.1715
541 0.166357937806526 0.1715
542 0.166358247950122 0.1715
543 0.166358551922571 0.1715
544 0.166358849845655 0.1715
545 0.166359141838776 0.1715
546 0.166359428019003 0.1715
547 0.166359708501116 0.1715
548 0.166359983397651 0.1715
549 0.166360252818944 0.1715
550 0.166360516873172 0.1715
551 0.166360775666395 0.1715
552 0.1663610293026 0.1715
553 0.166361277883735 0.1715
554 0.166361521509753 0.1715
555 0.166361760278651 0.1715
556 0.166361994286504 0.1715
557 0.166362223627507 0.1685
558 0.166362448394008 0.1715
559 0.166362668676543 0.1685
560 0.166362884563875 0.1715
561 0.166363096143026 0.1715
562 0.16636330349931 0.1715
563 0.166363506716368 0.1715
564 0.1663637058762 0.1715
565 0.166363901059194 0.1715
566 0.166364092344162 0.1715
567 0.166364279808367 0.175
568 0.166364463527557 0.175
569 0.166364643575987 0.175
570 0.166364820026458 0.175
571 0.166364992950336 0.1715
572 0.166365162417586 0.1715
573 0.166365328496797 0.1715
574 0.166365491255209 0.1715
575 0.166365650758738 0.1685
576 0.166365807072005 0.1715
577 0.166365960258358 0.1715
578 0.166366110379898 0.1715
579 0.166366257497504 0.175
580 0.166366401670854 0.175
581 0.166366542958454 0.1715
582 0.166366681417654 0.175
583 0.166366817104676 0.1715
584 0.166366950074633 0.1715
585 0.166367080381551 0.1715
586 0.166367208078393 0.1685
587 0.166367333217074 0.1685
588 0.166367455848488 0.1685
589 0.166367576022523 0.1685
590 0.166367693788083 0.1715
591 0.166367809193108 0.1715
592 0.166367922284589 0.1715
593 0.166368033108592 0.1715
594 0.16636814171027 0.1715
595 0.166368248133888 0.1715
596 0.166368352422834 0.1715
597 0.166368454619637 0.1715
598 0.166368554765989 0.1715
599 0.166368652902756 0.1685
600 0.166368749069996 0.1715
