0 0
1 0
2 0
3 0
4 0
5 0
6 0
7 3.95523532138301e-05
8 0.000155915612724228
9 0.000345733234039394
10 0.000605758278413226
11 0.000932850234163445
12 0.00132397192438686
13 0.00177618649881769
14 0.00228665450763204
15 0.00285263105505734
16 0.00347146303070002
17 0.0041405864165575
18 0.0048575236677326
19 0.00561988116491851
20 0.00642534673677195
21 0.00727168725033981
22 0.00815674626775151
23 0.00907844176743468
24 0.0100347639281565
25 0.0110237729742358
26 0.0120435970803143
27 0.0130924303341151
28 0.0141685307556581
29 0.0152702183714404
30 0.0163958733421277
31 0.0175439341423409
32 0.0187128957911582
33 0.0199013081319859
34 0.0211077741604908
35 0.0223309483993149
36 0.0235695353183305
37 0.0248222877992225
38 0.0260880056432184
39 0.0273655341208148
40 0.0286537625623807
41 0.0299516229885447
42 0.0312580887793038
43 0.0325721733808161
44 0.0338929290488695
45 0.0352194456280421
46 0.0365508493655963
47 0.0378863017591747
48 0.0392249984373865
49 0.0405661680724016
50 0.0419090713236879
51 0.0432529998120529
52 0.0445972751231704
53 0.0459412478397961
54 0.0472842966018948
55 0.0486258271939241
56 0.0499652716585373
57 0.0513020874359888
58 0.0526357565285431
59 0.0539657846892069
60 0.0552917006341226
61 0.0566130552779763
62 0.0579294209917941
63 0.0592403908825127
64 0.0605455780937291
65 0.06184461512705
66 0.0631371531834744
67 0.0644228615242598
68 0.0657014268507364
69 0.0669725527025471
70 0.0682359588738058
71 0.069491380846679
72 0.0707385692419093
73 0.0719772892858119
74 0.0732073202932876
75 0.0744284551664082
76 0.0756404999081409
77 0.076843273150791
78 0.078036605698753
79 0.0792203400851705
80 0.0803943301421161
81 0.0815584405839141
82 0.0827125466032364
83 0.0838565334796139
84 0.0849902962000149
85 0.0861137390911503
86 0.0872267754631745
87 0.0883293272644627
88 0.089421324747148
89 0.090502706143117
90 0.091573417350165
91 0.0926334116280233
92 0.0936826493039774
93 0.0947210974878033
94 0.0957487297957547
95 0.0967655260833439
96 0.0977714721866632
97 0.0987665596720031
98 0.0997507855935275
99 0.100724152258775
100 0.101686667001759
101 0.102638341963452
102 0.10357919387943
103 0.104509243874484
104 0.10542851726398
105 0.106337043361787
106 0.107234855294568
107 0.108121989822255
108 0.108998487164529
109 0.109864390833121
110 0.110719747469771
111 0.111564606689671
112 0.112399020930238
113 0.113223045305053
114 0.114036737462815
115 0.114840157451162
116 0.115633367585212
117 0.116416432320683
118 0.117189418131465
119 0.117952393391487
120 0.118705428260778
121 0.119448594575577
122 0.120181965742375
123 0.12090561663577
124 0.121619623500025
125 0.122324063854203
126 0.123019016400782
127 0.12370456093764
128 0.124380778273307
129 0.125047750145377
130 0.125705559141997
131 0.12635428862632
132 0.12699402266385
133 0.127624845952566
134 0.128246843755763
135 0.128860101837507
136 0.129464706400624
137 0.130060744027158
138 0.1306483016212
139 0.131227466354026
140 0.131798325611468
141 0.132360966943442
142 0.132915478015576
143 0.13346194656285
144 0.134000460345211
145 0.134531107105069
146 0.135053974526643
147 0.135569150197068
148 0.136076721569231
149 0.13657677592626
150 0.137069400347623
151 0.137554681676782
152 0.138032706490344
153 0.138503561068665
154 0.138967331367866
155 0.13942410299319
156 0.139873961173681
157 0.140316990738125
158 0.140753276092217
159 0.141182901196902
160 0.141605949547867
161 0.142022504156126
162 0.142432647529669
163 0.142836461656146
164 0.143234027986527
165 0.143625427419729
166 0.14401074028816
167 0.144390046344152
168 0.144763424747249
169 0.145130954052325
170 0.145492712198499
171 0.145848776498808
172 0.146199223630632
173 0.146544129626823
174 0.146883569867517
175 0.147217619072617
176 0.147546351294898
177 0.147869839913733
178 0.148188157629399
179 0.148501376457956
180 0.148809567726661
181 0.149112802069912
182 0.149411149425688
183 0.149704679032469
184 0.149993459426629
185 0.15027755844026
186 0.150557043199428
187 0.150831980122838
188 0.151102434920889
189 0.151368472595103
190 0.151630157437911
191 0.151887553032793
192 0.152140722254733
193 0.152389727270997
194 0.15263462954221
195 0.152875489823723
196 0.153112368167245
197 0.15334532392275
198 0.153574415740622
199 0.153799701574044
200 0.154021238681612
201 0.154239083630164
202 0.154453292297815
203 0.154663919877185
204 0.154871020878813
205 0.155074649134748
206 0.155274857802299
207 0.155471699367952
208 0.15566522565143
209 0.155855487809889
210 0.156042536342256
211 0.156226421093685
212 0.156407191260128
213 0.156584895393025
214 0.156759581404086
215 0.156931296570177
216 0.15710008753829
217 0.157266000330604
218 0.157429080349614
219 0.15758937238334
220 0.1577469206106
221 0.157901768606339
222 0.158053959347021
223 0.15820353521607
224 0.158350538009351
225 0.158495008940703
226 0.158636988647498
227 0.158776517196244
228 0.158913634088205
229 0.159048378265059
230 0.159180788114564
231 0.159310901476254
232 0.159438755647138
233 0.159564387387419
234 0.159687832926215
235 0.159809127967286
236 0.159928307694764
237 0.160045406778885
238 0.160160459381706
239 0.160273499162831
240 0.160384559285114
241 0.160493672420365
242 0.160600870755029
243 0.160706185995863
244 0.160809649375583
245 0.1609112916585
246 0.161011143146135
247 0.161109233682807
248 0.161205592661196
249 0.161300249027888
250 0.161393231288882
251 0.161484567515077
252 0.161574285347719
253 0.161662412003829
254 0.161748974281585
255 0.16183399856568
256 0.161917510832642
257 0.161999536656114
258 0.162080101212102
259 0.162159229284184
260 0.162236945268682
261 0.162313273179789
262 0.162388236654658
263 0.16246185895846
264 0.162534162989381
265 0.162605171283597
266 0.162674906020191
267 0.162743389026039
268 0.162810641780641
269 0.16287668542092
270 0.162941540745964
271 0.163005228221736
272 0.16306776798573
273 0.163129179851583
274 0.163189483313648
275 0.163248697551513
276 0.163306841434477
277 0.163363933525985
278 0.16341999208801
279 0.163475035085391
280 0.163529080190127
281 0.163582144785621
282 0.163634245970883
283 0.16368540056468
284 0.163735625109646
285 0.16378493587634
286 0.163833348867265
287 0.163880879820834
288 0.163927544215291
289 0.163973357272593
290 0.164018333962238
291 0.164062489005051
292 0.164105836876928
293 0.164148391812524
294 0.164190167808913
295 0.164231178629184
296 0.164271437806009
297 0.164310958645158
298 0.164349754228969
299 0.164387837419779
300 0.164425220863311
301 0.164461916992014
302 0.164497938028361
303 0.164533295988107
304 0.164568002683504
305 0.164602069726471
306 0.164635508531723
307 0.164668330319866
308 0.164700546120434
309 0.164732166774906
