0 32.93
1 32.93
2 32.93
3 32.93
4 32.93
5 32.93
6 32.93
7 32.93
8 32.93
9 32.93
10 32.93
11 32.87
12 32.87
13 32.87
14 32.87
15 32.87
16 32.87
17 32.87
18 32.93
19 32.93
20 32.93
21 32.87
22 32.87
23 32.87
24 32.87
25 32.87
26 32.87
27 32.87
28 32.87
29 32.87
30 32.87
31 32.81
32 32.81
33 32.81
34 32.75
35 32.81
36 32.75
37 32.75
38 32.75
39 32.75
40 32.68
41 32.68
42 32.68
43 32.68
44 32.62
45 32.62
46 32.62
47 32.62
48 32.56
49 32.56
50 32.5
51 32.5
52 32.43
53 32.43
54 32.43
55 32.43
56 32.43
57 32.43
58 32.37
59 32.37
60 32.37
61 32.37
62 32.37
63 32.37
64 32.31
65 32.31
66 32.31
67 32.31
68 32.25
69 32.25
70 32.25
71 32.18
72 32.18
73 32.18
74 32.12
75 32.12
76 32.12
77 32.12
78 32.12
79 32.12
80 32.12
81 32.06
82 32.06
83 32.06
84 32.06
85 32.06
86 32
87 32
88 32
89 32
90 32
91 31.93
92 31.93
93 31.93
94 31.93
95 31.93
96 31.93
97 31.93
98 31.93
99 31.93
100 31.93
101 31.87
102 31.87
103 31.93
104 31.87
105 31.87
106 31.87
107 31.87
108 31.87
109 31.87
110 31.87
111 31.87
112 31.87
113 31.87
114 31.93
115 31.87
116 31.87
117 31.87
118 31.87
119 31.81
120 31.81
121 31.81
122 31.81
123 31.81
124 31.81
125 31.75
126 31.75
127 31.75
128 31.75
129 31.75
130 31.75
131 31.75
132 31.68
133 31.75
134 31.75
135 31.75
136 31.68
137 31.68
138 31.75
139 31.75
140 31.75
141 31.75
142 31.68
143 31.68
144 31.75
145 31.75
146 31.68
147 31.68
148 31.68
149 31.68
150 31.68
151 31.68
152 31.68
153 31.68
154 31.68
155 31.68
156 31.68
157 31.68
158 31.68
159 31.68
160 31.68
161 31.68
162 31.68
163 31.68
164 31.68
165 31.68
166 31.68
167 31.68
168 31.68
169 31.68
170 31.68
171 31.68
172 31.62
173 31.68
174 31.62
175 31.62
176 31.62
177 31.56
178 31.62
179 31.56
180 31.56
181 31.56
182 31.56
183 31.56
184 31.56
185 31.56
186 31.56
187 31.56
188 31.56
189 31.56
190 31.56
191 31.56
192 31.56
193 31.56
194 31.56
195 31.56
196 31.56
197 31.56
198 31.56
199 31.56
200 31.56
201 31.56
202 31.56
203 31.56
204 31.5
205 31.5
206 31.5
207 31.5
208 31.5
209 31.56
210 31.56
211 31.56
212 31.56
213 31.56
214 31.56
215 31.56
216 31.56
217 31.56
218 31.5
219 31.5
220 31.5
221 31.5
222 31.5
223 31.5
224 31.5
225 31.5
226 31.5
227 31.5
228 31.5
229 31.5
230 31.5
231 31.5
232 31.5
233 31.5
234 31.5
235 31.5
236 31.5
237 31.5
238 31.5
239 31.5
240 31.5
241 31.5
242 31.5
243 31.5
244 31.5
245 31.5
246 31.5
247 31.5
248 31.5
249 31.5
250 31.5
251 31.5
252 31.5
253 31.5
254 31.43
255 31.43
256 31.5
257 31.43
258 31.43
259 31.43
260 31.43
261 31.43
262 31.43
263 31.43
264 31.43
265 31.43
266 31.43
267 31.43
268 31.43
269 31.43
270 31.43
271 31.43
272 31.43
273 31.43
274 31.43
275 31.43
276 31.43
277 31.43
278 31.43
279 31.5
280 31.5
281 31.43
282 31.43
283 31.43
284 31.43
285 31.43
286 31.43
287 31.43
288 31.43
289 31.43
290 31.43
291 31.43
292 31.43
293 31.43
294 31.43
295 31.43
296 31.43
297 31.43
298 31.43
299 31.43
300 31.43
301 31.5
302 31.43
303 31.43
304 31.43
305 31.43
306 31.43
307 31.43
308 31.43
309 31.43
310 31.43
311 31.43
312 31.43
313 31.43
314 31.43
315 31.43
316 31.43
317 31.43
318 31.43
319 31.43
320 31.43
321 31.43
322 31.37
323 31.37
324 31.37
325 31.37
326 31.37
327 31.43
328 31.43
329 31.43
330 31.43
331 31.43
332 31.43
333 31.43
334 31.43
335 31.43
336 31.43
337 31.43
338 31.43
339 31.43
340 31.43
341 31.43
342 31.5
343 31.5
344 31.5
345 31.5
346 31.5
347 31.5
348 31.5
349 31.5
350 31.5
351 31.5
352 31.56
353 31.5
354 31.5
355 31.5
356 31.5
357 31.5
358 31.5
359 31.5
360 31.5
361 31.56
362 31.5
363 31.5
364 31.56
365 31.56
366 31.56
367 31.56
368 31.56
369 31.5
370 31.5
371 31.5
372 31.5
373 31.5
374 31.5
375 31.5
376 31.5
377 31.5
378 31.5
379 31.43
380 31.43
381 31.43
382 31.43
383 31.43
384 31.43
385 31.43
386 31.43
387 31.43
388 31.43
389 31.43
390 31.37
391 31.37
392 31.43
393 31.43
394 31.43
395 31.43
396 31.43
397 31.43
398 31.5
399 31.43
400 31.43
401 31.5
402 31.43
403 31.43
404 31.43
405 31.5
406 31.5
407 31.5
408 31.5
409 31.5
410 31.5
411 31.5
412 31.5
413 31.5
414 31.5
415 31.43
416 31.43
417 31.43
418 31.43
419 31.43
420 31.43
421 31.43
422 31.43
423 31.43
424 31.43
425 31.43
426 31.43
427 31.43
428 31.43
429 31.43
430 31.43
431 31.43
432 31.5
433 31.5
434 31.5
435 31.5
436 31.5
437 31.5
438 31.56
439 31.56
440 31.56
441 31.56
442 31.56
443 31.56
444 31.56
445 31.56
446 31.56
447 31.56
448 31.5
449 31.5
450 31.5
451 31.5
452 31.5
453 31.5
454 31.5
455 31.5
456 31.5
457 31.43
458 31.43
459 31.43
460 31.43
461 31.43
462 31.43
463 31.43
464 31.43
465 31.43
466 31.43
467 31.43
468 31.43
469 31.43
470 31.43
471 31.43
472 31.43
473 31.5
474 31.5
475 31.5
476 31.43
477 31.43
478 31.43
479 31.43
480 31.5
481 31.5
482 31.5
483 31.43
484 31.43
485 31.5
486 31.43
487 31.5
488 31.43
489 31.43
490 31.43
491 31.43
492 31.43
493 31.43
494 31.43
495 31.5
496 31.43
497 31.5
498 31.5
499 31.43
500 31.43
501 31.43
502 31.5
503 31.5
504 31.5
505 31.43
506 31.5
507 31.5
508 31.43
509 31.5
510 31.5
511 31.5
512 31.5
513 31.5
514 31.5
515 31.5
516 31.5
517 31.5
518 31.5
519 31.5
520 31.5
521 31.5
522 31.5
523 31.5
524 31.5
525 31.5
526 31.5
527 31.5
528 31.5
529 31.5
530 31.56
531 31.56
532 31.56
533 31.56
534 31.56
535 31.5
536 31.5
537 31.43
538 31.43
539 31.43
540 31.43
541 31.43
542 31.43
543 31.43
544 31.43
545 31.43
546 31.43
547 31.43
548 31.5
549 31.5
550 31.56
551 31.5
552 31.5
553 31.5
554 31.5
555 31.5
556 31.56
557 31.56
558 31.56
559 31.56
560 31.56
561 31.56
562 31.5
563 31.5
564 31.5
565 31.5
566 31.5
567 31.5
568 31.5
569 31.5
570 31.5
571 31.5
572 31.5
573 31.5
574 31.5
575 31.5
576 31.5
577 31.5
578 31.5
579 31.5
580 31.5
581 31.5
582 31.5
583 31.5
584 31.5
585 31.5
586 31.5
587 31.5
588 31.5
589 31.5
590 31.5
591 31.5
592 31.5
593 31.56
594 31.56
595 31.5
596 31.56
597 31.56
598 31.56
599 31.56
600 31.56
