0 32.75
1 32.75
2 32.75
3 32.81
4 32.81
5 32.81
6 32.81
7 32.81
8 32.75
9 32.75
10 32.75
11 32.75
12 32.75
13 32.81
14 32.81
15 32.81
16 32.75
17 32.75
18 32.75
19 32.75
20 32.75
21 32.81
22 32.81
23 32.81
24 32.81
25 32.81
26 32.81
27 32.81
28 32.87
29 32.87
30 32.87
31 32.87
32 32.87
33 32.93
34 32.93
35 32.93
36 32.93
37 33
38 32.93
39 33
40 33
41 33
42 33.06
43 33.06
44 33.06
45 33.06
46 33.06
47 33.12
48 33.12
49 33.18
50 33.18
51 33.18
52 33.18
53 33.18
54 33.25
55 33.25
56 33.25
57 33.25
58 33.25
59 33.25
60 33.31
61 33.31
62 33.31
63 33.37
64 33.37
65 33.37
66 33.43
67 33.43
68 33.5
69 33.5
70 33.5
71 33.5
72 33.5
73 33.56
74 33.5
75 33.56
76 33.56
77 33.56
78 33.56
79 33.56
80 33.56
81 33.62
82 33.62
83 33.62
84 33.62
85 33.62
86 33.68
87 33.68
88 33.68
89 33.68
90 33.68
91 33.68
92 33.68
93 33.68
94 33.68
95 33.75
96 33.75
97 33.75
98 33.75
99 33.75
100 33.75
101 33.81
102 33.81
103 33.81
104 33.81
105 33.81
106 33.87
107 33.87
108 33.87
109 33.87
110 33.87
111 33.87
112 33.87
113 33.87
114 33.87
115 33.87
116 33.87
117 33.87
118 33.87
119 33.87
120 33.87
121 33.87
122 33.93
123 33.93
124 33.93
125 33.93
126 33.93
127 33.93
128 34
129 34
130 34
131 34
132 34
133 34
134 34
135 34
136 34.06
137 34.06
138 34.12
139 34.12
140 34.12
141 34.12
142 34.12
143 34.12
144 34.12
145 34.12
146 34.12
147 34.12
148 34.18
149 34.18
150 34.12
151 34.12
152 34.12
153 34.12
154 34.12
155 34.18
156 34.12
157 34.12
158 34.12
159 34.12
160 34.12
161 34.12
162 34.18
163 34.12
164 34.12
165 34.12
166 34.18
167 34.18
168 34.18
169 34.18
170 34.25
171 34.25
172 34.18
173 34.25
174 34.25
175 34.25
176 34.31
177 34.31
178 34.25
179 34.31
180 34.25
181 34.25
182 34.25
183 34.25
184 34.25
185 34.25
186 34.25
187 34.25
188 34.25
189 34.25
190 34.31
191 34.31
192 34.25
193 34.25
194 34.25
195 34.25
196 34.25
197 34.25
198 34.31
199 34.31
200 34.31
201 34.31
202 34.31
203 34.31
204 34.31
205 34.31
206 34.31
207 34.31
208 34.31
209 34.31
210 34.37
211 34.31
212 34.31
213 34.37
214 34.37
215 34.37
216 34.37
217 34.37
218 34.37
219 34.37
220 34.37
221 34.31
222 34.31
223 34.31
224 34.31
225 34.31
226 34.31
227 34.37
228 34.37
229 34.37
230 34.37
231 34.37
232 34.37
233 34.37
234 34.37
235 34.37
236 34.37
237 34.37
238 34.37
239 34.37
240 34.37
241 34.37
242 34.37
243 34.37
244 34.37
245 34.37
246 34.37
247 34.37
248 34.37
249 34.37
250 34.37
251 34.37
252 34.37
253 34.37
254 34.37
255 34.37
256 34.37
257 34.37
258 34.37
259 34.37
260 34.37
261 34.37
262 34.37
263 34.37
264 34.37
265 34.37
266 34.37
267 34.37
268 34.37
269 34.37
270 34.37
271 34.43
272 34.43
273 34.37
274 34.37
275 34.37
276 34.37
277 34.37
278 34.31
279 34.37
280 34.31
281 34.31
282 34.31
283 34.31
284 34.31
285 34.37
286 34.37
287 34.37
288 34.37
289 34.37
290 34.37
291 34.37
292 34.43
293 34.43
294 34.43
295 34.43
296 34.43
297 34.43
298 34.43
299 34.43
300 34.43
301 34.43
302 34.43
303 34.43
304 34.43
305 34.43
306 34.5
307 34.5
308 34.5
309 34.5
310 34.5
311 34.43
312 34.5
313 34.5
314 34.5
315 34.5
316 34.5
317 34.5
318 34.43
319 34.5
320 34.5
321 34.5
322 34.5
323 34.5
324 34.5
325 34.5
326 34.5
327 34.5
328 34.5
329 34.5
330 34.5
331 34.5
332 34.5
333 34.5
334 34.5
335 34.5
336 34.5
337 34.5
338 34.5
339 34.43
340 34.43
341 34.43
342 34.43
343 34.43
344 34.43
345 34.43
346 34.43
347 34.43
348 34.43
349 34.43
350 34.43
351 34.43
352 34.43
353 34.43
354 34.43
355 34.37
356 34.43
357 34.43
358 34.43
359 34.37
360 34.37
361 34.37
362 34.37
363 34.37
364 34.37
365 34.43
366 34.43
367 34.43
368 34.43
369 34.43
370 34.43
371 34.37
372 34.37
373 34.37
374 34.43
375 34.43
376 34.43
377 34.43
378 34.43
379 34.43
380 34.43
381 34.43
382 34.43
383 34.5
384 34.5
385 34.5
386 34.5
387 34.43
388 34.43
389 34.43
390 34.43
391 34.43
392 34.43
393 34.43
394 34.43
395 34.43
396 34.43
397 34.43
398 34.43
399 34.43
400 34.43
401 34.43
402 34.43
403 34.43
404 34.43
405 34.43
406 34.43
407 34.37
408 34.43
409 34.43
410 34.43
411 34.43
412 34.43
413 34.43
414 34.43
415 34.43
416 34.43
417 34.43
418 34.43
419 34.43
420 34.43
421 34.43
422 34.43
423 34.43
424 34.43
425 34.43
426 34.43
427 34.43
428 34.37
429 34.43
430 34.43
431 34.43
432 34.43
433 34.43
434 34.43
435 34.43
436 34.43
437 34.43
438 34.43
439 34.43
440 34.43
441 34.43
442 34.43
443 34.43
444 34.43
445 34.5
446 34.5
447 34.5
448 34.5
449 34.43
450 34.5
451 34.5
452 34.5
453 34.5
454 34.5
455 34.5
456 34.5
457 34.5
458 34.5
459 34.5
460 34.5
461 34.5
462 34.5
463 34.5
464 34.5
465 34.5
466 34.5
467 34.43
468 34.43
469 34.43
470 34.43
471 34.5
472 34.43
473 34.43
474 34.43
475 34.43
476 34.5
477 34.5
478 34.5
479 34.5
480 34.5
481 34.5
482 34.5
483 34.5
484 34.5
485 34.43
486 34.5
487 34.5
488 34.5
489 34.5
490 34.5
491 34.56
492 34.56
493 34.56
494 34.5
495 34.5
496 34.56
497 34.5
498 34.56
499 34.56
500 34.5
501 34.56
502 34.5
503 34.56
504 34.56
505 34.5
506 34.5
507 34.5
508 34.56
509 34.56
510 34.56
511 34.56
512 34.56
513 34.56
514 34.56
515 34.56
516 34.56
517 34.56
518 34.56
519 34.56
520 34.56
521 34.56
522 34.56
523 34.56
524 34.56
525 34.56
526 34.56
527 34.56
528 34.56
529 34.56
530 34.56
531 34.56
532 34.56
533 34.56
534 34.56
535 34.56
536 34.56
537 34.56
538 34.56
539 34.56
540 34.56
541 34.56
542 34.62
543 34.56
544 34.56
545 34.56
546 34.56
547 34.56
548 34.62
549 34.62
550 34.62
551 34.62
552 34.62
553 34.56
554 34.56
555 34.56
556 34.56
557 34.56
558 34.56
559 34.56
560 34.56
561 34.56
562 34.56
563 34.62
564 34.56
565 34.56
566 34.56
567 34.56
568 34.56
569 34.56
570 34.56
571 34.62
572 34.56
573 34.56
574 34.56
575 34.56
576 34.56
577 34.56
578 34.56
579 34.56
580 34.62
581 34.56
582 34.56
583 34.62
584 34.62
585 34.56
586 34.56
587 34.56
588 34.56
589 34.56
590 34.56
591 34.5
592 34.56
593 34.5
594 34.56
595 34.56
596 34.56
597 34.56
598 34.56
599 34.56
600 34.56
