0 32.75
1 32.75
2 32.75
3 32.75
4 32.75
5 32.75
6 32.81
7 32.81
8 32.81
9 32.81
10 32.81
11 32.81
12 32.81
13 32.81
14 32.87
15 32.87
16 32.93
17 32.93
18 32.93
19 32.93
20 32.93
21 33
22 32.93
23 33
24 33
25 33
26 33
27 33.06
28 33.06
29 33.12
30 33.18
31 33.18
32 33.18
33 33.18
34 33.25
35 33.25
36 33.25
37 33.31
38 33.31
39 33.31
40 33.37
41 33.43
42 33.43
43 33.5
44 33.5
45 33.56
46 33.56
47 33.62
48 33.62
49 33.68
50 33.75
51 33.75
52 33.81
53 33.81
54 33.81
55 33.87
56 33.87
57 33.93
58 33.93
59 34
60 34
61 34.06
62 34.06
63 34.12
64 34.18
65 34.18
66 34.18
67 34.25
68 34.31
69 34.31
70 34.31
71 34.31
72 34.31
73 34.31
74 34.37
75 34.37
76 34.43
77 34.43
78 34.43
79 34.43
80 34.43
81 34.5
82 34.5
83 34.56
84 34.56
85 34.62
86 34.62
87 34.62
88 34.62
89 34.68
90 34.68
91 34.68
92 34.75
93 34.75
94 34.75
95 34.81
96 34.81
97 34.87
98 34.87
99 34.87
100 34.93
101 34.93
102 34.93
103 35
104 35
105 35
106 35.06
107 35.06
108 35.06
109 35.06
110 35.06
111 35.06
112 35.12
113 35.12
114 35.12
115 35.12
116 35.18
117 35.18
118 35.18
119 35.18
120 35.25
121 35.25
122 35.25
123 35.25
124 35.25
125 35.25
126 35.25
127 35.31
128 35.25
129 35.31
130 35.25
131 35.31
132 35.31
133 35.31
134 35.31
135 35.31
136 35.31
137 35.37
138 35.37
139 35.37
140 35.37
141 35.37
142 35.37
143 35.37
144 35.43
145 35.43
146 35.43
147 35.43
148 35.43
149 35.5
150 35.56
151 35.56
152 35.56
153 35.56
154 35.56
155 35.56
156 35.62
157 35.62
158 35.62
159 35.62
160 35.62
161 35.62
162 35.62
163 35.62
164 35.62
165 35.62
166 35.62
167 35.62
168 35.62
169 35.62
170 35.68
171 35.68
172 35.75
173 35.75
174 35.75
175 35.75
176 35.68
177 35.68
178 35.75
179 35.75
180 35.75
181 35.75
182 35.75
183 35.81
184 35.81
185 35.75
186 35.81
187 35.81
188 35.81
189 35.81
190 35.87
191 35.87
192 35.87
193 35.87
194 35.87
195 35.87
196 35.81
197 35.87
198 35.81
199 35.81
200 35.81
201 35.81
202 35.81
203 35.81
204 35.81
205 35.81
206 35.81
207 35.81
208 35.75
209 35.81
210 35.75
211 35.75
212 35.75
213 35.75
214 35.75
215 35.75
216 35.75
217 35.75
218 35.75
219 35.81
220 35.81
221 35.81
222 35.81
223 35.81
224 35.81
225 35.81
226 35.81
227 35.81
228 35.81
229 35.87
230 35.87
231 35.87
232 35.81
233 35.81
234 35.81
235 35.87
236 35.87
237 35.87
238 35.87
239 35.87
240 35.87
241 35.87
242 35.93
243 35.93
244 35.93
245 35.93
246 35.93
247 35.93
248 35.93
249 35.93
250 35.93
251 35.93
252 35.93
253 35.93
254 35.93
255 35.93
256 35.93
257 35.93
258 35.93
259 35.93
260 35.93
261 35.93
262 35.93
263 35.93
264 36
265 35.93
266 36
267 35.93
268 35.93
269 36
270 36
271 36.06
272 36
273 36.06
274 36.06
275 36.06
276 36
277 36.06
278 36.06
279 36
280 36
281 36
282 36
283 36.06
284 36.06
285 36
286 36.06
287 36.06
288 36.06
289 36
290 36.06
291 36.06
292 36.06
293 36.06
294 36.06
295 36.06
296 36.12
297 36.06
298 36.06
299 36.06
300 36.06
301 36.06
302 36.06
303 36.12
304 36.06
305 36.06
306 36.06
307 36.06
308 36.06
309 36.06
310 36
311 36
312 36
313 36
314 36.06
315 36
316 36
317 36
318 36
319 35.93
320 35.93
321 35.93
322 35.93
323 36
324 35.93
325 35.93
326 35.93
327 35.93
328 36
329 36
330 36.06
331 36.06
332 36.06
333 36.06
334 36.06
335 36.06
336 36
337 36.06
338 36
339 36
340 36
341 36
342 36
343 36
344 36
345 36
346 36
347 36
348 36
349 36
350 36.06
351 36
352 36.06
353 36.06
354 36.06
355 36.06
356 36.06
357 36.06
358 36.06
359 36.06
360 36.06
361 36.06
362 36
363 36.06
364 36.06
365 36.06
366 36.06
367 36.06
368 36.06
369 36
370 36
371 36
372 36
373 36
374 36
375 36
376 36
377 36
378 36
379 36
380 36
381 36
382 36
383 36
384 36
385 36.06
386 36.06
387 36.06
388 36.06
389 36.06
390 36.06
391 36.06
392 36.06
393 36.06
394 36.06
395 36
396 36
397 36
398 36
399 36.06
400 36.06
401 36.06
402 36
403 36.06
404 36.06
405 36.06
406 36.06
407 36.12
408 36.12
409 36.12
410 36.12
411 36.18
412 36.18
413 36.12
414 36.12
415 36.12
416 36.06
417 36
418 36
419 36
420 36
421 36
422 36.06
423 36.06
424 36.06
425 36.06
426 36
427 36
428 36
429 36
430 36
431 36
432 36
433 36
434 36
435 36
436 36
437 36
438 36
439 36
440 36
441 36
442 36.06
443 36.06
444 36.06
445 36.06
446 36.06
447 36.12
448 36.12
449 36.12
450 36.18
451 36.18
452 36.18
453 36.18
454 36.12
455 36.12
456 36.12
457 36.12
458 36.12
459 36.18
460 36.12
461 36.12
462 36.12
463 36.12
464 36.12
465 36.12
466 36.06
467 36.06
468 36.06
469 36.06
470 36.06
471 36.06
472 36.06
473 36.06
474 36.06
475 36.06
476 36.12
477 36.12
478 36.12
479 36.12
480 36.12
481 36.12
482 36.12
483 36.12
484 36.12
485 36.18
486 36.12
487 36.12
488 36.12
489 36.06
490 36.06
491 36.06
492 36.06
493 36.06
494 36.12
495 36.12
496 36.12
497 36.12
498 36.06
499 36.06
500 36.06
501 36.06
502 36.06
503 36.06
504 36.06
505 36.06
506 36.06
507 36.12
508 36.12
509 36.12
510 36.18
511 36.12
512 36.12
513 36.12
514 36.12
515 36.12
516 36.06
517 36.12
518 36.12
519 36.12
520 36.12
521 36.12
522 36.12
523 36.12
524 36.12
525 36.12
526 36.12
527 36.12
528 36.12
529 36.12
530 36.12
531 36.12
532 36.12
533 36.12
534 36.12
535 36.12
536 36.12
537 36.18
538 36.12
539 36.18
540 36.18
541 36.18
542 36.18
543 36.18
544 36.18
545 36.18
546 36.18
547 36.18
548 36.18
549 36.18
550 36.18
551 36.18
552 36.18
553 36.18
554 36.18
555 36.18
556 36.18
557 36.12
558 36.18
559 36.12
560 36.18
561 36.18
562 36.18
563 36.18
564 36.18
565 36.18
566 36.18
567 36.25
568 36.25
569 36.25
570 36.25
571 36.18
572 36.18
573 36.18
574 36.18
575 36.12
576 36.18
577 36.18
578 36.18
579 36.25
580 36.25
581 36.18
582 36.25
583 36.18
584 36.18
585 36.18
586 36.12
587 36.12
588 36.12
589 36.12
590 36.18
591 36.18
592 36.18
593 36.18
594 36.18
595 36.18
596 36.18
597 36.18
598 36.18
599 36.12
600 36.18
