0 0 0
1 0 0
2 0 0
3 7.79937924069266e-05 0
4 0.00030713059222033 0
5 0.000680333896144581 0
6 0.00119077471460944 0
7 0.00183186388364738 0
8 0.0025972446005736 0.00150000000000006
9 0.00348078517721513 0.00150000000000006
10 0.00447657200460555 0.00150000000000006
11 0.00557890272322705 0.00299999999999994
12 0.00678227959304254 0.00449999999999999
13 0.00808140305771718 0.00449999999999999
14 0.00947116549758116 0.00625
15 0.0109466451660341 0.00775000000000006
16 0.0125031003042358 0.00924999999999994
17 0.0141359634290685 0.00924999999999994
18 0.015840835789493 0.01075
19 0.0176134819865547 0.0125
20 0.0194498247524229 0.0140000000000001
21 0.0213459398839769 0.0154999999999999
22 0.0232980513265706 0.017
23 0.0253025264037318 0.01875
24 0.0273558711886629 0.0217499999999999
25 0.0294547260135291 0.02325
26 0.0315958611126262 0.025
27 0.0337761723956269 0.0279999999999999
28 0.0359926773472139 0.03125
29 0.0382425110495031 0.0327500000000001
30 0.0405229223237632 0.03575
31 0.0428312699880338 0.0375
32 0.0451650192273357 0.0404999999999999
33 0.0475217380732606 0.042
34 0.0498990939898139 0.0452500000000001
35 0.0522948505624718 0.04825
36 0.0547068642874983 0.0515000000000001
37 0.057133081458647 0.0529999999999999
38 0.0595715351484552 0.05625
39 0.0620203422814124 0.0592499999999999
40 0.0644777007963623 0.06075
41 0.0669418868955696 0.0640000000000001
42 0.0694112523779549 0.067
43 0.0718842220540692 0.06875
44 0.0743592912404481 0.0717499999999999
45 0.0768350233310511 0.075
46 0.0793100474435541 0.0765000000000001
47 0.0817830561383275 0.0795
48 0.0842528032079899 0.0827500000000001
49 0.0867181015354896 0.08575
50 0.0891778210187193 0.0890000000000001
51 0.0916308865597286 0.092
52 0.0940762761166515 0.0952500000000001
53 0.0965130188165175 0.0967499999999999
54 0.0989401931271691 0.1
55 0.101356925086555 0.1015
56 0.103762386587721 0.1045
57 0.106155793717861 0.10775
58 0.108536405149844 0.11075
59 0.110903520584674 0.1125
60 0.11325647924338 0.1155
61 0.115594658406886 0.117
62 0.117917472002431 0.12025
63 0.120224369235184 0.12175
64 0.122514833263688 0.125
65 0.124788379917868 0.128
66 0.127044556458301 0.1295
67 0.12928294037556 0.13275
68 0.13150313822841 0.13425
69 0.133704784519705 0.1375
70 0.135887540608876 0.139
71 0.138051093659892 0.1405
72 0.140195155623647 0.142
73 0.142319462253736 0.14525
74 0.144423772154618 0.14675
75 0.146507865861191 0.14825
76 0.148571544948833 0.15
77 0.150614631172983 0.1515
78 0.152636965637384 0.153
79 0.154638407990106 0.1545
80 0.15661883564651 0.15775
81 0.158578143038334 0.15925
82 0.160516240888117 0.1625
83 0.162433055508166 0.164
84 0.164328528123341 0.1655
85 0.166202614216907 0.167
86 0.168055282898764 0.17025
87 0.169886516295361 0.17325
88 0.171696308960617 0.175
89 0.173484667307221 0.178
90 0.175251609057668 0.178
91 0.176997162714418 0.18125
92 0.178721367048599 0.18275
93 0.180424270606666 0.18425
94 0.182105931234461 0.18575
95 0.183766415618128 0.1875
96 0.185405798841366 0.189
97 0.187024163958496 0.1905
98 0.188621601582853 0.192
99 0.190198209490018 0.19375
100 0.191754092235425 0.19525
101 0.193289360785887 0.19675
102 0.194804132164598 0.19825
103 0.196298529109189 0.2
104 0.197772679742414 0.2015
105 0.199226717255076 0.203
106 0.200660779600787 0.20625
107 0.202075009202194 0.20625
108 0.203469552668301 0.20775
109 0.204844560522521 0.20925
110 0.20620018694112 0.21075
111 0.207536589501724 0.2125
112 0.208853928941534 0.214
113 0.210152368924975 0.2155
114 0.211432075820427 0.217
115 0.212693218485776 0.217
116 0.213935968062479 0.21875
117 0.215160497777859 0.21875
118 0.216366982755374 0.22025
119 0.21755559983258 0.22025
120 0.218726527386545 0.22175
121 0.219879945166455 0.22175
122 0.221016034133177 0.22325
123 0.222134976305557 0.225
124 0.223236954613197 0.22325
125 0.224322152755529 0.225
126 0.225390755066939 0.225
127 0.226442946387766 0.225
128 0.227478911940951 0.2265
129 0.228498837214152 0.228
130 0.229502907847149 0.228
131 0.230491309524336 0.228
132 0.231464227872135 0.2295
133 0.232421848361166 0.23125
134 0.233364356212995 0.23275
135 0.234291936311313 0.23425
136 0.235204773117374 0.23425
137 0.236103050589564 0.23575
138 0.236986952106929 0.23575
139 0.237856660396545 0.23425
140 0.238712357464577 0.23575
141 0.239554224530899 0.23575
142 0.240382441967147 0.2375
143 0.241197189238086 0.239
144 0.241998644846155 0.239
145 0.242786986279097 0.239
146 0.243562389960536 0.239
147 0.244325031203405 0.239
148 0.245075084166129 0.2405
149 0.245812721811431 0.242
150 0.246538115867696 0.242
151 0.247251436792768 0.24375
152 0.247952853740111 0.24375
153 0.248642534527226 0.24525
154 0.249320645606245 0.24525
155 0.249987352036616 0.24525
156 0.250642817459806 0.24525
157 0.251287204075924 0.24525
158 0.251920672622208 0.24525
159 0.252543382353289 0.24675
160 0.253155491023169 0.24675
161 0.253757154868839 0.24825
162 0.254348528595469 0.24825
163 0.254929765363115 0.25
164 0.255501016774869 0.2515
165 0.256062432866396 0.2515
166 0.256614162096806 0.253
167 0.257156351340796 0.253
168 0.257689145882012 0.2545
169 0.258212689407577 0.25625
170 0.258727124003738 0.25625
171 0.259232590152574 0.25625
172 0.259729226729732 0.25775
173 0.260217171003128 0.25775
174 0.260696558632589 0.25925
175 0.26116752367037 0.26075
176 0.261630198562526 0.26075
177 0.262084714151089 0.2625
178 0.262531199677009 0.2625
179 0.262969782783834 0.2625
180 0.263400589522079 0.264
181 0.26382374435426 0.264
182 0.264239370160552 0.2655
183 0.264647588245052 0.2655
184 0.265048518342598 0.2655
185 0.265442278626128 0.2655
186 0.265828985714548 0.2655
187 0.266208754681074 0.2655
188 0.266581699062034 0.2655
189 0.26694793086609 0.2655
190 0.267307560583872 0.2655
191 0.267660697197978 0.2655
192 0.268007448193343 0.267
193 0.268347919567937 0.267
194 0.26868221584377 0.26875
195 0.269010440078203 0.26875
196 0.269332693875517 0.26875
197 0.26964907739875 0.26875
198 0.26995968938176 0.26875
199 0.270264627141508 0.26875
200 0.270563986590553 0.26875
201 0.270857862249718 0.26875
202 0.271146347260937 0.27025
203 0.271429533400254 0.26875
204 0.271707511090965 0.267
205 0.271980369416887 0.267
206 0.27224819613574 0.267
207 0.272511077692634 0.267
208 0.272769099233649 0.26875
209 0.273022344619485 0.27025
210 0.273270896439188 0.27025
211 0.273514836023929 0.27025
212 0.273754243460835 0.27025
213 0.273989197606849 0.27025
214 0.274219776102625 0.27025
215 0.274446055386445 0.27025
216 0.274668110708135 0.27175
217 0.274886016142997 0.27025
218 0.27509984460573 0.27025
219 0.27530966786434 0.27025
220 0.275515556554028 0.27025
221 0.275717580191059 0.27175
222 0.275915807186594 0.27175
223 0.276110304860485 0.27325
224 0.276301139455027 0.27325
225 0.276488376148659 0.27325
226 0.276672079069612 0.27325
227 0.276852311309503 0.27325
228 0.27702913493685 0.27325
229 0.277202611010541 0.275
230 0.277372799593206 0.275
231 0.277539759764536 0.2765
232 0.277703549634505 0.278
233 0.277864226356514 0.278
234 0.278021846140453 0.2795
235 0.278176464265666 0.2795
236 0.27832813509383 0.28125
237 0.278476912081728 0.28275
238 0.27862284779394 0.28275
239 0.278765993915417 0.28425
240 0.278906401263965 0.28575
241 0.279044119802617 0.28575
242 0.279179198651903 0.28575
243 0.279311686102009 0.28575
244 0.279441629624827 0.28425
245 0.279569075885896 0.28425
246 0.279694070756225 0.28575
247 0.279816659324009 0.28575
248 0.279936885906222 0.2875
249 0.280054794060106 0.2875
250 0.280170426594527 0.2875
251 0.280283825581229 0.289
252 0.280395032365961 0.289
253 0.280504087579484 0.2875
254 0.280611031148468 0.2875
255 0.280715902306258 0.2875
256 0.280818739603524 0.28575
257 0.280919580918796 0.28575
258 0.281018463468874 0.28575
259 0.281115423819111 0.28575
260 0.28121049789359 0.28575
261 0.281303720985167 0.28425
262 0.281395127765401 0.28425
263 0.28148475229436 0.28425
264 0.281572628030311 0.28575
265 0.281658787839287 0.28425
266 0.281743264004532 0.28425
267 0.281826088235835 0.28425
268 0.281907291678737 0.28425
269 0.281986904923625 0.28275
270 0.282064958014705 0.28125
271 0.282141480458863 0.2795
272 0.282216501234402 0.2795
273 0.282290048799669 0.2795
274 0.282362151101564 0.278
275 0.282432835583937 0.278
276 0.282502129195868 0.278
277 0.282570058399837 0.278
278 0.282636649179776 0.2795
279 0.28270192704902 0.28125
280 0.282765917058136 0.28275
281 0.282828643802649 0.28425
282 0.282890131430657 0.28425
283 0.282950403650339 0.28425
284 0.283009483737353 0.28425
285 0.283067394542133 0.28425
286 0.283124158497073 0.28275
287 0.283179797623618 0.28275
288 0.283234333539237 0.28425
289 0.283287787464306 0.28425
290 0.283340180228885 0.28425
291 0.283391532279393 0.28575
292 0.283441863685187 0.28575
293 0.283491194145039 0.28425
294 0.283539542993517 0.28425
295 0.283586929207274 0.28425
296 0.283633371411233 0.28575
297 0.283678887884684 0.28575
298 0.283723496567287 0.28575
299 0.283767215064984 0.28575
300 0.283810060655811 0.2875
301 0.283852050295635 0.28575
302 0.283893200623787 0.28575
303 0.283933527968616 0.28575
304 0.283973048352957 0.28425
305 0.284011777499501 0.28425
306 0.284049730836099 0.28275
307 0.284086923500963 0.28275
308 0.284123370347799 0.28125
309 0.284159085950849 0.28125
310 0.284194084609855 0.28275
311 0.284228380354949 0.28275
312 0.284261986951449 0.28275
313 0.284294917904598 0.28275
314 0.284327186464209 0.28275
315 0.284358805629242 0.28275
316 0.284389788152306 0.28275
317 0.284420146544087 0.28125
318 0.2844498930777 0.28125
319 0.284479039792978 0.28125
320 0.284507598500678 0.28125
321 0.284535580786627 0.2795
322 0.284562998015795 0.2795
323 0.284589861336302 0.2795
324 0.284616181683356 0.2795
325 0.284641969783129 0.2795
326 0.28466723615656 0.278
327 0.284691991123106 0.2795
328 0.284716244804416 0.2795
329 0.284740007127955 0.2795
330 0.284763287830562 0.2795
331 0.284786096461941 0.28125
332 0.284808442388106 0.28275
333 0.284830334794754 0.28275
334 0.28485178269059 0.28275
335 0.284872794910591 0.28275
336 0.284893380119208 0.28425
337 0.284913546813529 0.28425
338 0.284933303326367 0.28425
339 0.284952657829314 0.28575
340 0.284971618335726 0.28575
341 0.284990192703666 0.28575
342 0.285008388638794 0.2875
343 0.285026213697202 0.2875
344 0.285043675288208 0.2875
345 0.285060780677091 0.289
346 0.285077536987787 0.289
347 0.28509395120553 0.289
348 0.285110030179455 0.289
349 0.285125780625145 0.289
350 0.285141209127142 0.2905
351 0.28515632214141 0.2905
352 0.285171125997751 0.2905
353 0.285185626902184 0.289
354 0.285199830939279 0.289
355 0.285213744074446 0.289
356 0.285227372156192 0.289
357 0.285240720918327 0.289
358 0.285253795982139 0.289
359 0.285266602858523 0.289
360 0.285279146950078 0.289
