0 0
1 0
2 0
3 0
4 0
5 0
6 0
7 0
8 0.00150000000000006
9 0.00150000000000006
10 0.00150000000000006
11 0.00299999999999994
12 0.00449999999999999
13 0.00449999999999999
14 0.00625
15 0.00775000000000006
16 0.00924999999999994
17 0.00924999999999994
18 0.01075
19 0.0125
20 0.0140000000000001
21 0.0154999999999999
22 0.017
23 0.01875
24 0.0217499999999999
25 0.02325
26 0.025
27 0.0279999999999999
28 0.03125
29 0.0327500000000001
30 0.03575
31 0.0375
32 0.0404999999999999
33 0.042
34 0.0452500000000001
35 0.04825
36 0.0515000000000001
37 0.0529999999999999
38 0.05625
39 0.0592499999999999
40 0.06075
41 0.0640000000000001
42 0.067
43 0.06875
44 0.0717499999999999
45 0.075
46 0.0765000000000001
47 0.0795
48 0.0827500000000001
49 0.08575
50 0.0890000000000001
51 0.092
52 0.0952500000000001
53 0.0967499999999999
54 0.1
55 0.1015
56 0.1045
57 0.10775
58 0.11075
59 0.1125
60 0.1155
61 0.117
62 0.12025
63 0.12175
64 0.125
65 0.128
66 0.1295
67 0.13275
68 0.13425
69 0.1375
70 0.139
71 0.1405
72 0.142
73 0.14525
74 0.14675
75 0.14825
76 0.15
77 0.1515
78 0.153
79 0.1545
80 0.15775
81 0.15925
82 0.1625
83 0.164
84 0.1655
85 0.167
86 0.17025
87 0.17325
88 0.175
89 0.178
90 0.178
91 0.18125
92 0.18275
93 0.18425
94 0.18575
95 0.1875
96 0.189
97 0.1905
98 0.192
99 0.19375
100 0.19525
101 0.19675
102 0.19825
103 0.2
104 0.2015
105 0.203
106 0.20625
107 0.20625
108 0.20775
109 0.20925
110 0.21075
111 0.2125
112 0.214
113 0.2155
114 0.217
115 0.217
116 0.21875
117 0.21875
118 0.22025
119 0.22025
120 0.22175
121 0.22175
122 0.22325
123 0.225
124 0.22325
125 0.225
126 0.225
127 0.225
128 0.2265
129 0.228
130 0.228
131 0.228
132 0.2295
133 0.23125
134 0.23275
135 0.23425
136 0.23425
137 0.23575
138 0.23575
139 0.23425
140 0.23575
141 0.23575
142 0.2375
143 0.239
144 0.239
145 0.239
146 0.239
147 0.239
148 0.2405
149 0.242
150 0.242
151 0.24375
152 0.24375
153 0.24525
154 0.24525
155 0.24525
156 0.24525
157 0.24525
158 0.24525
159 0.24675
160 0.24675
161 0.24825
162 0.24825
163 0.25
164 0.2515
165 0.2515
166 0.253
167 0.253
168 0.2545
169 0.25625
170 0.25625
171 0.25625
172 0.25775
173 0.25775
174 0.25925
175 0.26075
176 0.26075
177 0.2625
178 0.2625
179 0.2625
180 0.264
181 0.264
182 0.2655
183 0.2655
184 0.2655
185 0.2655
186 0.2655
187 0.2655
188 0.2655
189 0.2655
190 0.2655
191 0.2655
192 0.267
193 0.267
194 0.26875
195 0.26875
196 0.26875
197 0.26875
198 0.26875
199 0.26875
200 0.26875
201 0.26875
202 0.27025
203 0.26875
204 0.267
205 0.267
206 0.267
207 0.267
208 0.26875
209 0.27025
210 0.27025
211 0.27025
212 0.27025
213 0.27025
214 0.27025
215 0.27025
216 0.27175
217 0.27025
218 0.27025
219 0.27025
220 0.27025
221 0.27175
222 0.27175
223 0.27325
224 0.27325
225 0.27325
226 0.27325
227 0.27325
228 0.27325
229 0.275
230 0.275
231 0.2765
232 0.278
233 0.278
234 0.2795
235 0.2795
236 0.28125
237 0.28275
238 0.28275
239 0.28425
240 0.28575
241 0.28575
242 0.28575
243 0.28575
244 0.28425
245 0.28425
246 0.28575
247 0.28575
248 0.2875
