1 29
2 29
3 29
4 29
5 29
6 29
7 29
8 29
9 29
10 29
11 29
12 29
13 29
14 29
15 29
16 29
17 29
18 29
19 29
20 29
21 29
22 29
23 29
24 29
25 29
26 29
27 29
28 29
29 29
30 29
31 29
32 29
33 29
34 29
35 29
36 29
37 29
38 29
39 29
40 29
41 29
42 29
43 29
44 29
45 29
46 29
47 29
48 29
49 29
50 29
51 29
52 29
53 29
54 29
55 29
56 29
57 29
58 29
59 29
60 29
61 29
62 29
63 29
64 29
65 29
66 29
67 29
68 29
69 29
70 29
71 29
72 29
73 29
74 29
75 29
76 29
77 29
78 29
79 29
80 29
81 29
82 29
83 29
84 29
85 29
86 29
87 29
88 29
89 29
90 29
91 29
92 29
93 29
94 29
95 29
96 29
97 29
98 29
99 29
100 29
101 29
102 29
103 29
104 29
105 29
106 29
107 29
108 29
109 29
110 29
111 29
112 29
113 29
114 29
115 29
116 29
117 29
118 29
119 29
120 29
121 29
122 29
123 29
124 29
125 29
126 29
127 29
128 29
129 29
130 29
131 29
132 29
133 29
134 29
135 29
136 29
137 29
138 29
139 29
140 29
141 29
142 29
143 29
144 29
145 29
146 29
147 29
148 29
149 29
150 29
151 29
152 29
153 29
154 29
155 29
156 29
157 29
158 29
159 29
160 29
161 29
162 29
163 29
164 29
165 29
166 29
167 29
168 29
169 29
170 29
171 29
172 29
173 29
174 29
175 29
176 29
177 29
178 29
179 29
180 29
181 29
182 29
183 29
184 29
185 29
186 29
187 29
188 29
189 29
190 29
191 29
192 29
193 29
194 29
195 29
196 29
197 29
198 29
199 29
200 29
201 29
202 29
203 29
204 29
205 29
206 29
207 29
208 29
209 29
210 29
211 29
212 29
213 29
214 29
215 29
216 29
217 29
218 29
219 29
220 29
221 29
222 29
223 29
224 29
225 29
226 29
227 29
228 29
229 29
230 29
231 29
232 29
233 29
234 29
235 29
236 29
237 29
238 29
239 29
240 29
241 29
242 29
243 29
244 29
245 29
246 29
247 29
248 29
249 29
250 29
251 29
252 29
253 29
254 29
255 29
256 29
257 29
258 29
259 29
260 29
261 29
262 29
263 29
264 29
265 29
266 29
267 29
268 29
269 29
270 29
271 29
272 29
273 29
274 29
275 29
276 29
277 29
278 29
279 29
280 29
281 29
282 29
283 29
284 29
285 29
286 29
287 29
288 29
289 29
290 29
291 29
292 29
293 29
294 29
295 29
296 29
297 29
298 29
299 29
300 29
301 29
302 29
303 29
304 29
305 29
306 29
307 29
308 29
309 29
310 29
311 29
312 29
313 29
314 29
315 29
316 29
317 29
318 29
319 29
320 29
321 29
322 29
323 29
324 29
325 29
326 29
327 29
328 29
329 29
330 29
331 29
332 29
333 29
334 29
335 29
336 29
337 29
338 29
339 29
340 29
341 29
342 29
343 29
344 29
345 29
346 29
347 29
348 29
349 29
350 29
351 29
352 29
353 29
354 29
355 29
356 29
357 29
358 29
359 29
360 29
361 29
362 29
363 29
364 29
365 29
366 29
367 29
368 29
369 29
370 29
371 29
372 29
373 29
374 29
375 29
376 29
377 29
378 29
379 29
380 29
381 31.504219147065
382 33.8173817229053
383 35.8925108627164
384 37.7983806044168
385 39.5431371185925
386 41.190574681557
387 42.6882493960476
388 44.0437912787592
389 45.2681299353759
390 46.367932960594
391 47.3496088025454
392 48.2229369071439
393 48.9969948785616
394 49.6767078244917
395 50.2709350787824
396 50.787310364475
397 51.2328703599653
398 51.5547697266638
399 51.8195859091911
400 52.033774384722
401 52.1467017974998
402 52.2232742155423
403 52.2024394660132
404 52.1588131256613
405 52.0991151182409
406 52.0256446460662
407 51.885191029408
408 51.7432280306439
409 51.5487675571735
410 51.3062165513727
411 51.0789983423546
412 50.8016339895131
413 50.4909618221272
414 50.1496534060061
415 49.8399330953298
416 49.5070545170005
417 49.146909444363
418 48.770141157757
419 48.3814529816475
420 47.9846196956554
421 47.5698320006307
422 47.1509147684112
423 46.7306940261107
424 46.3085891776998
425 45.8776309017955
426 45.4505347903136
427 45.025553696979
428 44.6044322422498
429 44.2453266851293
430 43.8801172628
431 43.5205895389691
432 43.1675626171417
433 42.8221771771758
434 42.4721336664528
435 42.1847202038124
436 41.8969405643284
437 41.6097507769249
438 41.3808201005205
439 41.1505200294809
440 40.9725969226035
441 40.7786617972357
442 40.5762756128727
443 40.4235889966129
444 40.2582857301272
445 40.0825269962818
446 39.888630392152
447 39.6845525994663
448 39.5281511552023
449 39.4132562942875
450 39.282415963108
451 39.1900150081072
452 39.0745019777562
453 38.9913107362979
454 38.8747876102739
455 38.7343456795617
456 38.5698675658245
457 38.4377220668921
458 38.333642479905
459 38.2541501958976
460 38.1957823629985
461 38.15948013631
462 38.086258901738
463 38.0931515386255
464 38.0607887539532
465 38.0462425086324
466 38.0466626495117
467 38.0637361735978
468 38.0329972894506
469 38.022053827148
470 38.03124019549
471 38.0540081226745
472 38.0361740466467
473 38.0355906100049
474 38.0493751549112
475 38.0195721467148
476 37.9486097947461
477 37.8948633064499
478 37.8561019095741
479 37.8305874797757
480 37.8168967576351
481 37.8135740829926
482 37.8191480323011
483 37.8321060153837
484 37.851943854906
485 37.9337234300829
486 38.0162159305079
487 38.1029869922694
488 38.189411320602
489 38.2748429977785
490 38.358776157883
491 38.4411433601973
492 38.5780791200031
493 38.6538111007178
494 38.7281870126061
495 38.801273308295
496 38.9251117492986
497 39.0411825730189
498 39.1465042634274
499 39.1863443788624
500 39.2185101780978
501 39.2441832759493
502 39.2614112652423
503 39.271490486177
504 39.2765157939273
505 39.2703891867465
506 39.2557272697482
507 39.2312449403371
508 39.1960952158501
509 39.2088516948936
510 39.1558822330268
511 39.0963578108103
512 39.0850167315193
513 39.0086514703123
514 38.9863102418227
515 38.9603970179121
516 38.9328182279249
517 38.9019968515219
518 38.869968463137
519 38.8349872998658
520 38.7925728847668
521 38.7455235167484
522 38.6932535103778
523 38.6389627577593
524 38.5851902329303
525 38.4744340330265
526 38.3656221444264
527 38.2578698470123
528 38.2062114303368
529 38.1532837900207
530 38.1018577494137
531 38.0506776365638
532 37.9464752581266
533 37.8478847966458
534 37.7570711366355
535 37.6721621658817
536 37.6476069709141
537 37.62207114596
538 37.5944883030497
539 37.5645939956932
540 37.5353908704873
541 37.505621878092
542 37.4782679923811
543 37.452189391484
544 37.430461371414
545 37.4150691788849
546 37.4042693828358
547 37.4557402327279
548 37.5076794595974
549 37.5061540260085
550 37.5136423920435
551 37.5274494668064
552 37.5456416421819
553 37.6254364252534
554 37.7049455136351
555 37.7854934151035
556 37.8687040699656
557 37.9520217996159
558 38.0377835868478
559 38.123536782206
560 38.2071158945626
561 38.2904750127517
562 38.3712996902305
563 38.4517399565293
564 38.5295446960625
565 38.6033142259859
566 38.6717172066623
567 38.7331671080031
568 38.7867816890822
569 38.8323203723263
570 38.868735455595
571 38.8962905659166
572 38.859119642166
573 38.8761745993929
574 38.8869179051999
575 38.8945568748474
576 38.8985583085704
577 38.8982177587119
578 38.8932362707682
579 38.8831111368181
580 38.867674011233
581 38.8469593860222
582 38.820649597711
583 38.7928334823068
584 38.8242986353551
585 38.8413520001697
586 38.8452672556552
587 38.8368922207655
588 38.8177393044885
589 38.8487063448236
590 38.8171302393213
591 38.7838039478543
592 38.7489190783423
593 38.712509218851
594 38.6748568877926
595 38.6363718903855
596 38.5972779629178
597 38.5612314893113
598 38.5247275349034
599 38.4875566356426
600 38.4504678795263
601 38.4140711650337
602 38.3819760802262
603 38.3543015687305
604 38.3339072705928
605 38.3196660431647
606 38.3106921713717
607 38.3065849682495
608 38.3067147979992
609 38.310484990185
610 38.3215148869432
611 38.3384930897111
612 38.3642641457427
613 38.3353648691425
614 38.3853859823716
615 38.4460122684187
616 38.4496164835989
617 38.4689537492514
618 38.5049170119337
619 38.4980641735088
620 38.5659538897473
621 38.6482888028992
622 38.7421560502546
623 38.7890195991445
624 38.8458855428848
625 38.9072861838062
626 38.9714058885063
627 39.0403771471239
628 39.1680031249548
629 39.2967637687826
630 39.4245581987682
631 39.5495004272485
632 39.6739085300543
633 39.7960166035997
634 39.9112461776722
635 40.0185075217937
636 40.1171574232635
637 40.2028749634274
638 40.2760231310976
639 40.401996606484
640 40.4464085935334
641 40.4797526311958
642 40.4993470815923
643 40.5061293814538
644 40.5013175858163
645 40.4897648231025
646 40.4684655555101
647 40.4382974252391
648 40.4001133919317
649 40.3552329669646
650 40.2449412953237
651 40.127737440078
652 39.9448337579005
653 39.7029615520355
654 39.4638269186469
655 39.2249599984903
656 38.9887497076072
657 38.7566859885606
658 38.5298780046767
659 38.3136161097415
660 34.4441709682924
661 30.87211983953
662 27.5312896664626
663 24.4676070248168
664 21.6671367436214
665 19.1725282823595
666 16.855002262004
667 14.758375194577
668 12.8656269404584
669 11.1703333741675
670 9.66138657642345
671 8.32338275068186
672 7.14566318458971
673 6.1189761187314
674 5.22456015398777
675 4.45064608915728
676 3.78565091559897
677 3.22775165737636
678 2.8218976013314
679 2.49740317462429
680 2.30123511891988
681 2.16887453992478
682 2.14391382776093
683 2.22393009432083
684 2.38410389899926
685 2.55607253651138
686 2.79242207749986
687 3.07822509650852
688 3.41165035578133
689 3.77604150145283
690 4.16337275115692
691 4.6392787695434
692 5.12593721868456
693 5.62241135585233
694 6.12195164532872
695 6.62915154490039
696 7.12914825478145
697 7.62370820864562
698 8.16967387535005
699 8.75065464593548
700 9.30988219994126
701 9.90957409434883
702 10.5304845645162
703 11.1263629883021
704 11.7424819577546
705 12.3180482603084
706 12.8693286627127
707 13.4385871028518
708 13.9695896165859
709 14.5284247407513
710 15.0454396478223
711 15.5882224563768
712 16.0911810041376
713 16.6206816529496
714 17.125495951845
715 17.6576243332683
716 18.1578796160052
717 18.6952972424011
718 19.2001984405624
719 19.6775842873035
720 20.1963192381889
721 20.6918218510709
722 21.1624039406764
723 21.6262748762869
724 22.0711429240149
725 22.4967321737091
726 22.9108116139573
727 23.3204364544003
728 23.7197456550248
729 24.106145781289
730 24.4835340295707
731 24.8678755033313
732 25.2512110841125
733 25.5730388991529
734 25.8921244410698
735 26.2105299799949
736 26.473810519884
737 26.7534979528961
738 26.9852155014188
739 27.2293238595945
740 27.4807215053169
741 27.6836870857931
742 27.8936811944252
743 28.0568611782548
744 28.242955026191
745 28.4432759436771
746 28.5957882629142
747 28.7015534827197
748 28.8211085092469
749 28.8946085345739
750 28.9327806754849
751 28.9344437007445
752 28.9042193288095
753 28.8464944407197
754 28.7651627016177
755 28.6633616215064
756 28.5443089596313
757 28.3549818283641
758 28.1587337095575
759 27.9568230295696
760 27.7522210617623
761 27.546628476053
762 27.3420573925102
763 27.0835089355034
764 26.8321406855138
765 26.589109902807
766 26.3491560238526
767 26.1193364035504
768 25.8349547620172
769 25.5672787650868
770 25.3159483431313
771 25.080643537324
772 24.860161942119
773 24.6549342589575
774 24.4085920169955
775 24.1858920237015
776 23.9852302902783
777 23.8099598457483
778 23.6017126486682
779 23.4239138320202
780 23.2732989074297
781 23.1521770020124
782 23.0008630387691
783 22.8752298889627
784 22.7834045887275
785 22.7194305874894
786 22.6841442526838
787 22.7338307226445
788 22.7471796157106
789 22.7797973790834
790 22.8327520323055
791 22.9058950204895
792 22.9947193529074
793 23.0939595664832
794 23.2002251061617
795 23.3096967449997
796 23.3593829912656
797 23.4161256576672
798 23.4812791702353
799 23.5611688022451
800 23.651186019086
801 23.7513903623283
802 23.8568418218284
803 23.9631252382021
804 24.0712121796232
805 24.127049282402
806 24.1911128029382
807 24.2641250361526
808 24.3413039328895
809 24.4183238538202
810 24.4964007863013
811 24.5708129059692
812 24.6435535314735
813 24.7105607172199
814 24.7742707944824
815 24.8921411510036
816 24.9498010344769
817 25.0644366318098
818 25.1764395509233
819 25.2819848059299
820 25.382390760776
821 25.4180391446162
822 25.506185954197
823 25.582715215587
824 25.6448527223599
825 25.6954127493102
826 25.7322907814877
827 25.7585168118312
828 25.7719109739586
829 25.7697659522047
830 25.7552668714107
831 25.7327459084484
832 25.6990102291241
833 25.6582858970764
834 25.608498631787
835 25.547825775455
836 25.4803726232717
837 25.3474708089645
838 25.2127052595737
839 25.0791992574142
840 24.9442086128246
841 24.8114517844974
842 24.6783657116044
843 24.548376878106
844 24.4237451272518
845 24.3063111530975
846 24.1984210810565
847 24.1016703535606
848 24.0169946426613
849 23.9452110921622
850 23.887089877666
851 23.8435844096072
852 23.8094515669274
853 23.7856253230311
854 23.7664651234605
855 23.7528985012584
856 23.7454902595899
857 23.7457959798323
858 23.7538862478131
859 23.7696558965932
860 23.7379836715082
861 23.7179211566831
862 23.7043741779815
863 23.7024076938506
864 23.773374650273
865 23.8554913003753
866 23.9478012885127
867 24.0489959247759
868 24.0957219109996
869 24.1419985238001
870 24.243896400087
871 24.3408615392254
872 24.4334679448789
873 24.5220876923646
874 24.606537203689
875 24.6868297078659
876 24.757939548784
877 24.8254441141972
878 24.8340047257595
879 24.8436530732634
880 24.9100034967156
881 24.9673374848086
882 25.0158775175549
883 25.0510351868933
884 25.0744011023787
885 25.0869842147563
886 25.1458483068747
887 25.1358677120786
888 25.1742605377443
889 25.1401131192293
890 25.151166243937
891 25.1437811135212
892 25.0597153870955
893 25.0188660853978
894 24.9026231062122
895 24.8307401717994
896 24.6844507162068
897 24.5225856979839
898 24.4052730119377
899 24.2709412957191
900 24.1184916220607
901 23.9524416472063
902 23.7766843696154
903 23.5953503796769
904 23.3606824883385
905 23.1350922035745
906 22.9154322115263
907 22.7038301356793
908 22.4958118324482
909 22.2951122010025
910 22.1026960229263
911 21.9155442694674
912 21.7360487954819
913 21.5709456189543
914 21.4212933028951
915 21.2872875165223
916 21.2306113870725
917 21.1342738522518
918 21.1133069612697
919 21.0505040862514
920 21.0057976953826
921 20.9828073283486
922 20.9797788649536
923 20.9947503301738
924 21.0207406694295
925 21.0615416823741
926 21.1704302739881
927 21.285937017975
928 21.4064386762556
929 21.5357754113068
930 21.6768007581718
931 21.8324204854118
932 21.9987226984046
933 22.1727311076166
934 22.3570117227547
935 22.5481491545056
936 22.808760923163
937 23.0662416896463
938 23.3139545556317
939 23.5448597436776
940 23.7543431189411
941 23.9376234862555
942 24.0970755267659
943 24.2898509769599
944 24.402530939868
945 24.5529534002881
946 24.6883131893734
947 24.8096793328004
948 24.9130380386494
949 24.9999734636971
950 25.0734082579093
951 25.129647381545
952 25.1714447667875
953 25.2066532460614
954 25.2359876264708
955 25.3170598785792
956 25.3855982181952
957 25.4442340519885
958 25.494227651253
959 25.5378877819892
960 26.9673022235663
961 28.2882247943475
962 29.506333933653
963 30.6277921051791
964 31.6630066180909
965 32.6717295352815
966 33.547922984052
967 34.4110051286031
968 35.2113064863656
969 35.9502048685374
970 36.6249849658403
971 37.1846915287178
972 37.6931983721163
973 38.1520556154841
974 38.5653057321746
975 38.9370415277171
976 39.2140005787407
977 39.4625828204114
978 39.684911286002
979 39.8834013294029
980 40.0034224734348
981 40.1127407373158
982 40.210932138269
983 40.2333833033366
984 40.2514666546
985 40.2643930502358
986 40.2210139202862
987 40.1771251803885
988 40.1334439427651
989 40.0332275383798
990 39.9372269275343
991 39.8383152488898
992 39.7335422714675
993 39.5676738089428
994 39.338393971651
995 39.1173294604895
996 38.8457434690054
997 38.527260647752
998 38.2238411494936
999 37.8764525678807
1000 37.4794161225224
1001 37.0489243454167
1002 36.6402459484559
1003 36.1972271052712
1004 35.7813399988276
1005 35.3325235382289
1006 34.910570727826
1007 34.4521933531051
1008 33.9724227105973
1009 33.4768850127537
1010 32.9644521992229
1011 32.4958734408819
1012 32.0061910083129
1013 31.5128245978579
1014 31.0186355799394
1015 30.580403844586
1016 30.1407625027071
1017 29.7581062816321
1018 29.3653752483538
1019 28.9726284266905
1020 28.6379462830664
1021 28.2999808576907
1022 28.0174329168558
1023 27.7306181643391
1024 27.4317205203156
1025 27.1881491905948
1026 26.9389733642554
1027 26.7417977524638
1028 26.5914011676885
1029 26.4291644182647
1030 26.2546746749889
1031 26.1231853436618
1032 26.0298573390885
1033 25.9729028241036
1034 25.9479674670599
1035 25.8852549723248
1036 25.8516255602104
1037 25.8423783916845
1038 25.7987589732872
1039 25.7779520902513
1040 25.7790453579692
1041 25.7991269563707
1042 25.8928540679651
1043 25.9971309893217
1044 26.1095236730312
1045 26.2270468421063
1046 26.3498192502452
1047 26.4779587017676
1048 26.6091577056194
1049 26.7445684079365
1050 26.8794273685966
1051 27.014885256981
1052 27.1491548970373
1053 27.2799749288026
1054 27.4070657695928
1055 27.5943538686236
1056 27.7714264072737
1057 27.9370522305768
1058 28.0913493606067
1059 28.2348130955787
1060 28.3665757594368
1061 28.4871855732893
1062 28.5961999797468
1063 28.6944101055544
1064 28.8382232030104
1065 28.9679809748118
1066 29.1425034277623
1067 29.3002343617359
1068 29.4418799151442
1069 29.5680112436841
1070 29.735402189576
1071 29.8856022261589
1072 30.0196830272443
1073 30.1386965825293
1074 30.2432702288887
1075 30.3332107674848
1076 30.4096283847898
1077 30.537284861465
1078 30.6476875722327
1079 30.7410159404662
1080 30.8191230933822
1081 30.8817172038206
1082 30.9311231981139
1083 30.9687488390594
1084 30.9920417377614
1085 31.0035224905184
1086 31.0026914651506
1087 30.9901943748148
1088 30.9675199170034
1089 30.9368812497888
1090 30.9551005524004
1091 30.961602519321
1092 30.9582241783492
1093 30.9476524901952
1094 30.9311792018797
1095 30.9110631760001
1096 30.8866242877155
1097 30.8596506029873
1098 30.8302469405777
1099 30.7953162580376
1100 30.7015315610214
1101 30.6084739748927
1102 30.5184407458952
1103 30.4324018890158
1104 30.3503192063458
1105 30.2704957212464
1106 30.1276071138506
1107 29.9913040649135
1108 29.8623175279261
1109 29.7421117995635
1110 29.6291765985097
1111 29.5252953899799
1112 29.4287881467139
1113 29.3406369912055
1114 29.2038857524511
1115 29.1330722519146
1116 29.0670006807673
1117 29.0046957925669
1118 28.9456394574601
1119 28.8906702712335
1120 28.8392883823762
1121 28.7364474406165
1122 28.6422219771863
1123 28.5572516277728
1124 28.4823645392024
1125 28.4158924995164
1126 28.4142199223072
1127 28.3602508306063
1128 28.3709587139216
1129 28.3313611381096
1130 28.2999249065055
1131 28.2761001465028
1132 28.259751679326
1133 28.2493107027748
1134 28.2456379028925
1135 28.2487357331654
1136 28.2567018106692
1137 28.2710041556792
1138 28.2898380296818
1139 28.3122134095886
1140 28.3382218055316
1141 28.3661288832386
1142 28.3970893400001
1143 28.4298222351984
1144 28.463500024994
1145 28.4975313865898
1146 28.5311980925933
1147 28.564199022001
1148 28.5956479624771
1149 28.6250988286748
1150 28.6526313095018
1151 28.7330425789739
1152 28.8083753661395
1153 28.8784822022076
1154 28.9459572718611
1155 29.0102579179556
1156 29.0703695702396
1157 29.1265486009405
1158 29.1781260906822
1159 29.2256505631762
1160 29.2684406974217
1161 29.3070754358594
1162 29.3436586071686
1163 29.3757083957316
1164 29.4014156523001
1165 29.4212685970746
1166 29.4355100542453
1167 29.4447684389395
1168 29.4509267056189
1169 29.4558534524155
1170 29.4592136800127
1171 29.4602355722456
1172 29.4585284888831
1173 29.453825104581
1174 29.5115639874903
1175 29.4965375926092
1176 29.5468170900962
1177 29.5901262653406
1178 29.6265291746275
1179 29.656068116261
1180 29.6793004472215
1181 29.7537544520562
1182 29.7639179650785
1183 29.7718285383505
1184 29.8338523093216
1185 29.8892635663244
1186 29.9388520663142
1187 29.9815981184484
1188 30.0180746050708
1189 30.0508884982136
1190 30.0805311349201
1191 30.1087106666039
1192 30.1366522086133
1193 30.1647668330451
1194 30.193935806044
1195 30.2803977955295
1196 30.3656854963949
1197 30.3958771297477
1198 30.4304413021575
1199 30.4702111083604
1200 30.516773975901
1201 30.568465043239
1202 30.6240764357276
1203 30.6828512247575
1204 30.6865558280243
1205 30.7502196728951
1206 30.8156260285243
1207 30.8816705030189
1208 30.950454306554
1209 31.0207830393529
1210 31.09165285184
1211 31.1646332834505
1212 31.1827076137734
1213 31.2041808398112
1214 31.2284328364514
1215 31.2552843823918
1216 31.2813875525672
1217 31.2415473837479
1218 31.2056108831106
1219 31.1734695061852
1220 31.1439759100555
1221 31.1150184013816
1222 31.0864875906661
1223 31.0578606863142
1224 31.0310813334649
1225 31.0042052204725
1226 30.9767708220619
1227 30.9490813390476
1228 30.9203173752266
1229 30.8881240402193
1230 30.8511272256312
1231 30.8071360173932
1232 30.7565124222013
1233 30.6443210042088
1234 30.5293192288496
1235 30.411608558764
1236 30.2925077577804
1237 30.1719605211836
1238 30.1090934143934
1239 30.0452618647511
1240 29.9825586772821
1241 29.9229103645682
1242 29.8094965871101
1243 29.7026363489448
1244 29.6010599749657
1245 29.5050226107034
1246 29.4122305051714
1247 29.2664923342809
1248 29.1297236496338
1249 29.0014946689499
1250 28.8817047681164
1251 28.7714531701424
1252 28.6704358774776
1253 28.576081838342
1254 28.4323689914662
1255 28.3546994201698
1256 28.2845935333266
1257 28.2221938275763
1258 28.1668967979695
1259 28.1180033820819
1260 28.0775873513169
