1 33.37
2 33.37
3 33.37
4 33.37
5 33.37
6 33.37
7 33.37
8 33.37
9 33.37
10 33.37
11 33.37
12 33.37
13 33.37
14 33.37
15 33.37
16 33.37
17 33.37
18 33.37
19 33.37
20 33.37
21 33.37
22 33.37
23 33.37
24 33.37
25 33.37
26 33.37
27 33.37
28 33.37
29 33.37
30 33.37
31 33.37
32 33.37
33 33.37
34 33.37
35 33.37
36 33.37
37 33.37
38 33.31
39 33.31
40 33.31
41 33.31
42 33.31
43 33.31
44 33.37
45 33.37
46 33.37
47 33.37
48 33.43
49 33.5
50 33.56
51 33.62
52 33.68
53 33.81
54 33.93
55 34.06
56 34.12
57 34.25
58 34.37
59 34.5
60 34.62
61 34.81
62 34.93
63 35.06
64 35.25
65 35.37
66 35.56
67 35.75
68 35.93
69 36.12
70 36.25
71 36.5
72 36.68
73 36.87
74 37.06
75 37.31
76 37.5
77 37.75
78 37.87
79 38.06
80 38.25
81 38.43
82 38.62
83 38.81
84 39.06
85 39.25
86 39.37
87 39.56
88 39.75
89 39.93
90 40.12
91 40.25
92 40.43
93 40.56
94 40.68
95 40.81
96 41
97 41.18
98 41.37
99 41.5
100 41.56
101 41.68
102 41.75
103 41.81
104 41.87
105 41.87
106 41.93
107 41.93
108 41.87
109 41.87
110 41.81
111 41.81
112 41.75
113 41.68
114 41.62
115 41.5
116 41.43
117 41.37
118 41.25
119 41.12
120 41.06
121 40.93
122 40.81
123 40.68
124 40.5
125 40.37
126 40.25
127 40.12
128 39.93
129 39.81
130 39.62
131 39.5
132 39.31
133 39.12
134 38.93
135 38.81
136 38.68
137 38.5
138 38.31
139 38.12
140 37.93
141 37.75
142 37.62
143 37.43
144 37.31
145 37.12
146 36.93
147 36.81
148 36.62
149 36.5
150 36.31
151 36.12
152 36
153 35.81
154 35.68
155 35.5
156 35.31
157 35.18
158 35
159 34.87
160 34.68
161 34.56
162 34.43
163 34.25
164 34.18
165 34.06
166 33.93
167 33.81
168 33.68
169 33.56
170 33.43
171 33.37
172 33.25
173 33.18
174 33.12
175 33.06
176 33.06
177 33
178 33
179 33
180 33
181 33
182 33.06
183 33.06
184 33.18
185 33.25
186 33.31
187 33.43
188 33.5
189 33.62
190 33.81
191 33.93
192 34.06
193 34.18
194 34.37
195 34.56
196 34.68
197 34.87
198 35.06
199 35.25
200 35.43
201 35.62
202 35.81
203 36.06
204 36.25
205 36.43
206 36.68
207 36.87
208 37.06
209 37.31
210 37.5
211 37.68
212 37.87
213 38.06
214 38.18
215 38.37
216 38.5
217 38.62
218 38.75
219 38.87
220 38.93
221 39.06
222 39.18
223 39.25
224 39.31
225 39.31
226 39.31
227 39.31
228 39.31
229 39.31
230 39.25
231 39.25
232 39.18
233 39.18
234 39.12
235 39.06
236 39
237 38.93
238 38.87
239 38.81
240 38.75
241 38.62
242 38.5
243 38.37
244 38.31
245 38.18
246 38.06
247 38
248 37.87
249 37.75
250 37.56
251 37.43
252 37.25
253 37.12
254 36.93
255 36.81
256 36.68
257 36.5
258 36.37
259 36.25
260 36.12
261 35.93
262 35.87
263 35.68
264 35.56
265 35.43
266 35.31
267 35.18
268 35.06
269 34.87
270 34.68
271 34.56
272 34.43
273 34.25
274 34.18
275 34.06
276 33.93
277 33.81
278 33.62
279 33.5
280 33.37
281 33.25
282 33.12
283 33
284 32.87
285 32.75
286 32.62
287 32.5
288 32.43
289 32.31
290 32.18
291 32.06
292 31.93
293 31.87
294 31.75
295 31.62
296 31.56
297 31.43
298 31.37
299 31.25
300 31.18
301 31.06
302 31
303 30.93
304 30.81
305 30.75
306 30.68
307 30.62
308 30.56
309 30.5
310 30.5
311 30.43
312 30.43
313 30.37
314 30.37
315 30.37
316 30.31
317 30.31
318 30.37
319 30.37
320 30.43
321 30.5
322 30.56
323 30.62
324 30.75
325 30.81
326 30.93
327 31.06
328 31.18
329 31.31
330 31.5
331 31.62
332 31.81
333 32
334 32.18
335 32.31
336 32.56
337 32.75
338 32.93
339 33.12
340 33.37
341 33.56
342 33.81
343 34.06
344 34.25
345 34.5
346 34.75
347 35
348 35.18
349 35.43
350 35.62
351 35.81
352 36.06
353 36.25
354 36.5
355 36.68
356 36.93
357 37.12
358 37.31
359 37.5
360 37.68
361 37.87
362 38.06
363 38.18
364 38.37
365 38.5
366 38.62
367 38.75
368 38.87
369 38.93
370 39
371 39.06
372 39.12
373 39.18
374 39.18
375 39.18
376 39.18
377 39.12
378 39.12
379 39.06
380 39
381 38.93
382 38.87
383 38.81
384 38.75
385 38.68
386 38.56
387 38.43
388 38.37
389 38.25
390 38.18
391 38.06
392 37.93
393 37.81
394 37.68
395 37.56
396 37.43
397 37.31
398 37.18
399 37.06
400 36.87
401 36.75
402 36.56
403 36.37
404 36.25
405 36.06
406 35.93
407 35.81
408 35.68
409 35.5
410 35.37
411 35.25
412 35.06
413 34.93
414 34.81
415 34.68
416 34.56
417 34.37
418 34.25
419 34.06
420 33.93
421 33.81
422 33.75
423 33.62
424 33.5
425 33.37
426 33.25
427 33.12
428 33
429 32.87
430 32.75
431 32.62
432 32.5
433 32.37
434 32.25
435 32.12
436 32.06
437 31.93
438 31.81
439 31.75
440 31.68
441 31.62
442 31.56
443 31.5
444 31.43
445 31.43
446 31.37
447 31.31
448 31.31
449 31.31
450 31.31
451 31.31
452 31.37
453 31.43
454 31.5
455 31.56
456 31.62
457 31.68
458 31.81
459 31.93
460 32.06
461 32.18
462 32.31
463 32.5
464 32.62
465 32.81
466 33
467 33.25
468 33.37
469 33.56
470 33.81
471 34
472 34.25
473 34.43
474 34.62
475 34.87
476 35.12
477 35.31
478 35.56
479 35.75
480 35.93
481 36.18
482 36.37
483 36.62
484 36.81
485 37.06
486 37.25
487 37.5
488 37.68
489 37.93
490 38.12
491 38.37
492 38.56
493 38.75
494 38.93
495 39.06
496 39.25
497 39.37
498 39.5
499 39.68
500 39.81
501 39.87
502 40.06
503 40.12
504 40.18
505 40.18
506 40.25
507 40.25
508 40.31
509 40.31
510 40.31
511 40.25
512 40.25
513 40.18
514 40.18
515 40.06
516 40
517 39.93
518 39.81
519 39.68
520 39.56
521 39.43
522 39.31
523 39.25
524 39.12
525 39
526 38.87
527 38.68
528 38.56
529 38.43
530 38.31
531 38.12
532 38
533 37.81
534 37.68
535 37.56
536 37.37
537 37.25
538 37.06
539 36.93
540 36.81
541 36.62
542 36.5
543 36.31
544 36.25
545 36.06
546 35.93
547 35.81
548 35.62
549 35.5
550 35.31
551 35.18
552 35
553 34.87
554 34.75
555 34.56
556 34.43
557 34.31
558 34.12
559 34
560 33.87
561 33.75
562 33.56
563 33.43
564 33.31
565 33.18
566 33.06
567 32.93
568 32.81
569 32.75
570 32.62
571 32.5
572 32.37
573 32.25
574 32.12
575 32.06
576 31.93
577 31.81
578 31.75
579 31.62
580 31.56
581 31.5
582 31.43
583 31.37
584 31.31
585 31.31
586 31.31
587 31.31
588 31.25
589 31.31
590 31.31
591 31.37
592 31.37
593 31.43
594 31.5
595 31.62
596 31.75
597 31.81
598 31.93
599 32.06
600 32.18
