1 29
2 29
3 29
4 29
5 29
6 29
7 29
8 29
9 29
10 29
11 29
12 29
13 29
14 29
15 29
16 29
17 29
18 29
19 29
20 29
21 29
22 29
23 29
24 29
25 29
26 29
27 29
28 29
29 29
30 29
31 29
32 29
33 29
34 29
35 29
36 29
37 29
38 29
39 29
40 29
41 29
42 29
43 29
44 29
45 29
46 29
47 29
48 29
49 29
50 29
51 29
52 29
53 29
54 29
55 29
56 29
57 29
58 29
59 29
60 29
61 29
62 29
63 29
64 29
65 29
66 29
67 29
68 29
69 29
70 29
71 29
72 29
73 29
74 29
75 29
76 29
77 29
78 29
79 29
80 29
81 29
82 29
83 29
84 29
85 29
86 29
87 29
88 29
89 29
90 29
91 29
92 29
93 29
94 29
95 29
96 29
97 29
98 29
99 29
100 29
101 29
102 29
103 29
104 29
105 29
106 29
107 29
108 29
109 29
110 29
111 29
112 29
113 29
114 29
115 29
116 29
117 29
118 29
119 29
120 29
121 29
122 29
123 29
124 29
125 29
126 29
127 29
128 29
129 29
130 29
131 29
132 29
133 29
134 29
135 29
136 29
137 29
138 29
139 29
140 29
141 29
142 29
143 29
144 29
145 29
146 29
147 29
148 29
149 29
150 29
151 29
152 29
153 29
154 29
155 29
156 29
157 29
158 29
159 29
160 29
161 29
162 29
163 29
164 29
165 29
166 29
167 29
168 29
169 29
170 29
171 29
172 29
173 29
174 29
175 29
176 29
177 29
178 29
179 29
180 29
181 29
182 29
183 29
184 29
185 29
186 29
187 29
188 29
189 29
190 29
191 29
192 29
193 29
194 29
195 29
196 29
197 29
198 29
199 29
200 29
201 29
202 29
203 29
204 29
205 29
206 29
207 29
208 29
209 29
210 29
211 29
212 29
213 29
214 29
215 29
216 29
217 29
218 29
219 29
220 29
221 29
222 29
223 29
224 29
225 29
226 29
227 29
228 29
229 29
230 29
231 29
232 29
233 29
234 29
235 29
236 29
237 29
238 29
239 29
240 29
241 29
242 29
243 29
244 29
245 29
246 29
247 29
248 29
249 29
250 29
251 29
252 29
253 29
254 29
255 29
256 29
257 29
258 29
259 29
260 29
261 29
262 29
263 29
264 29
265 29
266 29
267 29
268 29
269 29
270 29
271 29
272 29
273 29
274 29
275 29
276 29
277 29
278 29
279 29
280 29
281 29
282 29
283 29
284 29
285 29
286 29
287 29
288 29
289 29
290 29
291 29
292 29
293 29
294 29
295 29
296 29
297 29
298 29
299 29
300 29
301 29
302 29
303 29
304 29
305 29
306 29
307 29
308 29
309 29
310 29
311 29
312 29
313 29
314 29
315 29
316 29
317 29
318 29
319 29
320 29
321 29
322 29
323 29
324 29
325 29
326 29
327 29
328 29
329 29
330 29
331 29
332 29
333 29
334 29
335 29
336 29
337 29
338 29
339 29
340 29
341 29
342 29
343 29
344 29
345 29
346 29
347 29
348 29
349 29
350 29
351 29
352 29
353 29
354 29
355 29
356 29
357 29
358 29
359 29
360 29
361 29
362 29
363 29
364 29
365 29
366 29
367 29
368 29
369 29
370 29
371 29
372 29
373 29
374 29
375 29
376 29
377 29
378 29
379 29
380 29
381 60.9454867891149
382 86.4030259176844
383 100
384 100
385 100
386 100
387 100
388 100
389 100
390 100
391 100
392 100
393 100
394 100
395 100
396 100
397 99.6092811026349
398 97.5512647818582
399 93.6306175330716
400 89.117510147925
401 83.7175384913231
402 77.7728253185812
403 71.3526914260642
404 64.8556417942047
405 58.2140264157096
406 52.1549395366571
407 46.468902426073
408 41.5415911218187
409 37.606413062194
410 33.6730502751989
411 30.5023891917171
412 27.1340580688759
413 23.9147864513029
414 21.2048879772223
415 18.6109206155244
416 16.9277167035866
417 16.1142035197374
418 15.5755621664155
419 15.3061044645247
420 15.455841838127
421 15.5528912019473
422 16.3144435065003
423 17.0685017425604
424 18.1868156384676
425 19.036685908885
426 20.2014612744186
427 21.314253972655
428 22.376952910096
429 23.5209082110387
430 24.7502930887635
431 26.6634109387278
432 28.4708434599252
433 30.6610192619792
434 32.5660880891185
435 34.2912497749865
436 35.5032872925414
437 36.4744977741613
438 37.4481715262151
439 38.5375972014227
440 39.817865438437
441 40.7060071263449
442 41.5673837250076
443 42.0643065025054
444 42.0054572612548
445 42.3866053947029
446 43.2366900305414
447 43.6319227411358
448 44.29917107089
449 44.3017130439127
450 44.7384006814759
451 45.1253189960542
452 44.7433727791157
453 44.1104042479017
454 42.7610415678857
455 41.8481765199058
456 40.5980836543213
457 38.9689255088809
458 37.6734095801798
459 36.1264450513302
460 35.0784444145579
461 34.3819409245482
462 34.4480135115465
463 34.9322313355625
464 35.4571219966967
465 36.3994575217119
466 36.9761160934826
467 37.7828004625579
468 39.697713387893
469 41.8094260921045
470 44.1627359416874
471 46.6059718995879
472 48.2216920239691
473 50.3752762506654
474 52.3461758244178
475 53.9487046666504
476 55.3717630719309
477 56.6272683722738
478 58.3058510013491
479 59.7044406517934
480 60.9208912103085
481 61.9622836765864
482 62.2911177219211
483 62.5343717882552
484 62.7748978934867
485 62.9315532717903
486 62.9406923651883
487 63.2805445198889
488 63.2869537845707
489 62.9728231122718
490 62.3058558190091
491 61.5464119848362
492 60.1564599243491
493 58.9170179971875
494 57.2157279254644
495 55.7413945204903
496 53.5225060531552
497 51.5101189207694
498 49.4146988924468
499 46.9661019016159
500 43.8924431717674
501 41.2090687663327
502 38.1101463169965
503 34.4703362632095
504 31.1262054190918
505 27.9528811807408
506 24.65429491029
507 21.1874015744159
508 18.2030199523987
509 15.3886951161296
510 13.0139232074058
511 10.8881731582176
512 8.72886661829851
513 6.85076269934595
514 6.13205830151354
515 6.57581020516331
516 7.88351092503138
517 9.44958909426973
518 11.2972960609776
519 13.1267764103815
520 14.8954428308326
521 16.2742179759932
522 16.9056816735071
523 18.5195399589556
524 20.4840379761453
525 22.5265730205592
526 24.7402160349185
527 26.8965144700709
528 29.0813581703714
529 31.0661931435169
530 33.6898397078374
531 36.5070103889185
532 39.5671006298375
533 42.5115927894739
534 45.4649617647558
535 48.057338972592
536 50.1515073170929
537 51.7619979765472
538 52.8689559672938
539 53.5414698694956
540 54.304695818369
541 55.1037804510862
542 56.2383103564602
543 57.3997099324289
544 58.400521219133
545 59.9406308360614
546 61.7170489024021
547 63.5828579743852
548 64.6384229585354
549 65.9517377331115
550 67.6877703052532
551 69.0385762573598
552 69.6214302970954
553 69.8320454793652
554 69.6902054148998
555 69.5642461872397
556 69.6647929814425
557 69.7543637158412
558 69.4500797639171
559 69.1240111149779
560 68.6096254107888
561 68.1445618599926
562 67.0876441168488
563 66.2490772200089
564 64.8494451584869
565 62.7385625052016
566 60.5515050277723
567 57.7170192816324
568 54.4619916677248
569 50.8850765674275
570 47.6269145271302
571 44.0387311511667
572 39.7362635644781
573 35.9645652279789
574 32.5114167944204
575 29.8306200920012
576 27.4525320643257
577 24.5768400336903
578 21.7181558970084
579 18.906436849383
580 16.198188947584
581 13.5809704100995
582 11.7389491158394
583 10.5183028761983
584 9.32668295963382
585 7.5425103188741
586 5.24069907680044
587 3.50330598136849
588 1.94998935798183
589 1.54119832538818
590 1.90531662725071
591 3.15039958339371
592 4.65112400754191
593 6.13200443232608
594 7.5560061095033
595 9.41320417074932
596 11.0887389150895
597 13.0543398689109
598 15.2994947908569
599 17.122743372612
600 19.1144685254706
601 21.3497376771074
602 24.1635212847112
603 27.4029064290589
604 31.2225187608161
605 35.6749414079441
606 39.8426454169642
607 43.5720672483304
608 46.6941295336886
609 49.8127509772291
610 52.9444356442798
611 55.9045899810421
612 58.8755952306586
613 62.5957677021551
614 66.0433379896281
615 69.2889064275236
616 72.1109647142319
617 74.9507128828029
618 78.3877702450645
619 81.4273634984688
620 84.2313272340808
621 86.2776536503103
622 87.9897330254038
623 88.5141650451811
624 88.436082068576
625 86.3674790003258
626 83.9186142011464
627 81.343529391414
628 78.8186645217785
629 76.7882946962242
630 74.9227747698076
631 72.4718890441827
632 70.4434943003948
633 68.1428480746316
634 64.9113657771287
635 60.9023211537502
636 56.5275330784927
637 51.6861407163557
638 46.0561271746178
639 40.7472132110384
640 36.1243645309009
641 31.5138691801789
642 27.3191618160342
643 23.7099722894247
644 20.1606402581345
645 17.5054694165458
646 15.5993789980811
647 13.8646859057326
648 12.925538991035
649 12.0740690664266
650 11.4637311652496
651 10.7023916690949
652 9.51182101753438
653 8.48233602230648
654 8.00031564455304
655 8.30451053402475
656 8.82971670599994
657 9.55360123697779
658 11.1797483282237
659 13.3363331848855
660 0
661 0
662 0
663 0
664 0
665 0
666 0
667 0
668 0
669 0
670 0
671 0
672 0
673 0
674 0
675 0
676 0
677 0
678 0
679 0
680 0
681 0
682 0
683 0
684 0
685 0
686 0
687 0
688 0
689 0
690 0
691 0
692 0
693 0
694 0
695 0
696 0
697 0
698 0
699 0
700 0
701 0
702 0.190950583376587
703 1.83317239366266
704 4.87104730233755
705 8.67389953616305
706 14.0566525612784
707 19.4680309446393
708 25.8970934156077
709 33.3070427741643
710 41.3559662658664
711 49.0832997532482
712 57.2689927719643
713 66.2873546746292
714 75.1227913733031
715 82.891110226056
716 89.8759755725041
717 96.3147612719363
718 100
719 100
720 100
721 100
722 100
723 100
724 100
725 100
726 100
727 100
728 98.9835883787229
729 96.2569652058707
730 91.6036612459815
731 86.3615578709955
732 80.0485826166055
733 71.8373274157147
734 62.3382853132111
735 51.3971944329427
736 39.7342081860428
737 27.7769182290212
738 15.9972579715741
739 3.93667238678058
740 0
741 0
742 0
743 0
744 0
745 0
746 0
747 0
748 0
749 0
750 0
751 0
752 0
753 0
754 0
755 0
756 0
757 0
758 0
759 0
760 0
761 0
762 0
763 0
764 0
765 0
766 0
767 0
768 0
769 0
770 0
771 0
772 0.0211899042534682
773 1.23872402152456
774 4.50983388553309
775 8.37391845227217
776 13.4366879001887
777 19.0597496447584
778 24.7137005418884
779 30.382770294918
780 35.5267652435914
781 40.3638224017751
782 45.1174532668372
783 49.5668833914623
784 53.2514180891195
785 55.7159715182821
786 57.7082670969336
787 58.5276667420739
788 58.6554985966068
789 57.8263097943636
790 57.0149125168916
791 55.7392241805707
792 53.5088027361033
793 51.648318541787
794 49.4803926965044
795 46.5950614164795
796 44.0315994278206
797 41.1660776534093
798 39.0231335649259
799 36.9427377776733
800 34.5744269109336
801 32.1146336226905
802 29.4040603182516
803 25.8778721798704
804 22.7712458694665
805 20.2432056574115
806 17.7144064646642
807 15.9701673758981
808 14.7249498427489
809 13.587316056681
810 13.3701248613253
811 13.160191641462
812 13.8182336954343
813 14.4084505837947
814 15.8342510657644
815 17.2124619356567
816 18.8864664570176
817 20.016059729578
818 21.2000470108434
819 22.0579410162365
820 22.9180811223832
821 23.5204849798093
822 24.1843963609967
823 24.7367402668613
824 25.142890891392
825 25.5696912048104
826 26.0240041619667
827 26.6854987660092
828 27.3557090768722
829 27.9958511304639
830 28.6398233777544
831 29.1864195104105
832 29.3600201133177
833 29.3011110050872
834 28.817112989853
835 27.9030972608597
836 26.2215295251878
837 24.3344156924236
838 22.6625149877348
839 21.7211874677406
840 20.1755313083342
841 19.4797581039755
842 18.7971063059557
843 18.3326763241412
844 17.88606063109
845 17.3839635648561
846 17.5441896297086
847 17.5351309605719
848 16.6933347554402
849 16.2702885301188
850 15.6854667694777
851 14.9119690714912
852 13.7811156295564
853 12.5983205008921
854 11.2649075032906
855 10.1527641176083
856 9.31240179515167
857 9.31249748173614
858 9.42669420643831
859 10.2190527257698
860 10.9228882016625
861 12.0417382001088
862 13.2234774476954
863 14.413776973904
864 16.0727403408148
865 17.9924971618306
866 19.4616415363049
867 20.9336248176714
868 21.6507387385874
869 22.5560143629793
870 23.2631741670796
871 24.3025016716375
872 25.1550863806671
873 26.7159190743034
874 28.9093292321962
875 31.1931333403493
876 33.3347940810618
877 36.4208294195706
878 40.1617946803874
879 43.7564099072366
880 47.9035560270437
881 52.1884335780539
882 56.1818913193608
883 60.2706941075043
884 63.9256392244681
885 67.2283217847319
886 70.1277605078852
887 73.128869226054
888 75.6113715628585
889 77.4765625536785
890 78.9811939373766
891 80.0033128828875
892 80.5407059261874
893 80.2589228938249
894 79.5971435948086
895 78.1203979054518
896 76.1753445005433
897 73.1474792226961
898 69.7651149392858
899 65.2079459055335
900 59.6972983355539
901 53.6242300455221
902 47.1174331015141
903 39.6873503738156
904 32.4581257427307
905 24.7273533156106
906 16.6462604503705
907 9.12530031085356
908 1.34103471399939
909 0
910 0
911 0
912 0
913 0
914 0
915 0
916 0
917 0
918 0
919 0
920 0
921 0
922 0
923 0
924 0
925 0
926 0
927 0
928 0
929 0
930 0
931 0
932 0
933 0
934 0
935 0
936 0
937 0
938 0
939 0
940 0
941 0
942 1.10160872991428
943 5.1032870214585
944 10.7301889812264
945 18.3230673797617
946 26.9044807383442
947 35.9307588800707
948 45.5522188144331
949 55.036146436791
950 64.1291091813165
951 73.0337618652327
952 80.9641031808871
953 87.9373652912125
954 94.3795130099187
955 99.4112935655388
956 100
957 100
958 100
959 100
960 100
961 100
962 100
963 100
964 100
965 100
966 100
967 100
968 98.0115548480096
969 93.2827013110811
970 86.0633426244515
971 76.7038605190254
972 66.6094127291836
973 55.1558497517533
974 43.6699526389136
975 32.4235876138904
976 21.8992725174807
977 12.4118135549074
978 3.50427445456558
979 0
980 0
981 0
982 0
983 0
984 0
985 0
986 0
987 0
988 0
989 0
990 0
991 0
992 0
993 0
994 0
995 1.3122407804663
996 3.58002761654188
997 6.97093500839571
998 11.105581836683
999 15.3573163099733
1000 19.7997189189415
1001 24.0505553958375
1002 27.7688673534167
1003 31.1304891217515
1004 34.2573791482013
1005 37.3905064214535
1006 40.0401078390379
1007 42.7268631576937
1008 45.3944022843476
1009 47.6749550245587
1010 49.0908839583339
1011 49.5993684357784
1012 49.3123514881252
1013 48.3930542355345
1014 46.5455961667078
1015 43.9758060614462
1016 40.7984132206555
1017 36.9075244171977
1018 32.4948285606855
1019 27.2682304547345
1020 21.6174809068961
1021 16.4026454479195
1022 11.208241060489
1023 6.24671224397625
1024 2.24117708941659
1025 0
1026 0
1027 0
1028 0
1029 0
1030 0
1031 0
1032 0
1033 0
1034 0
1035 0
1036 0
1037 0
1038 0
1039 1.19275339497259
1040 4.28753167275845
1041 9.13121661857589
1042 14.7428602096671
1043 21.5629485746554
1044 29.8428139044997
1045 38.0680764492968
1046 46.6976126833685
1047 56.130996893089
1048 64.7101801053799
1049 73.609676318691
1050 81.4859688261473
1051 89.6593923113617
1052 97.4741677439463
1053 100
1054 100
1055 100
1056 100
1057 100
1058 100
1059 100
1060 100
1061 100
1062 100
1063 100
1064 100
1065 100
1066 100
1067 99.3476233477716
1068 95.9063389051802
1069 89.2351771474136
1070 80.7179469727477
1071 70.3598930325325
1072 59.4411709299719
1073 47.8509438621841
1074 35.7245577379807
1075 22.8530118088732
1076 10.3161258426294
1077 0
1078 0
1079 0
1080 0
1081 0
1082 0
1083 0
1084 0
1085 0
1086 0
1087 0
1088 0
1089 0
1090 0
1091 0
1092 0
1093 0
1094 0
1095 0
1096 0
1097 0
1098 0
1099 0
1100 0
1101 0
1102 0
1103 0
1104 0
1105 0
1106 0
1107 0
1108 0
1109 0
1110 1.5255356437259
1111 5.17860789174493
1112 11.326059494101
1113 18.7457082290451
1114 27.1422589658311
1115 36.5323141611424
1116 46.3784316599704
1117 55.7948258830661
1118 65.0003419936991
1119 73.5900193822759
1120 80.868818489064
1121 87.1883204353882
1122 92.5754690414189
1123 96.9957891377825
1124 100
1125 100
1126 100
1127 100
1128 99.9198008338978
1129 98.7652389267988
1130 96.8520088808948
1131 93.4213829673852
1132 89.3251824083353
1133 83.7857709200303
1134 76.9908961526283
1135 68.7032400655166
1136 59.729964920809
1137 50.3454002417468
1138 40.4951334445964
1139 29.9125883138397
1140 19.7420088610178
1141 10.1809735972153
1142 1.000371869965
1143 0
1144 0
1145 0
1146 0
1147 0
1148 0
1149 0
1150 0
1151 0
1152 0
1153 0
1154 0
1155 0
1156 0
1157 0
1158 0
1159 0
1160 0
1161 0
1162 0
1163 0
1164 0.705667062739295
1165 2.71180715021245
1166 5.12698156245265
1167 7.84813912003505
1168 11.2122274126661
1169 15.1881112763606
1170 19.5277973590477
1171 24.0112528883865
1172 28.5208864884524
1173 33.831205206623
1174 39.1148271535549
1175 44.2617908327295
1176 49.0680526865289
1177 53.702856518014
1178 58.3333173472523
1179 62.0717765218303
1180 65.3508323805548
1181 67.4155446172875
1182 68.2224741950487
1183 67.7424426802988
1184 66.1961629472691
1185 63.5436353549439
1186 59.8190634843956
1187 55.3580308009262
1188 50.5136574189607
1189 45.5849665891889
1190 40.7332282995433
1191 35.5759962778707
1192 30.4856362082632
1193 26.1849143828194
1194 22.1591983498796
1195 18.3963358396458
1196 14.1608559647714
1197 10.3467976754598
1198 7.04407402164994
1199 3.73059506803573
1200 1.47470348427209
1201 0.284779600303576
1202 0
1203 0
1204 0
1205 0
1206 0
1207 0
1208 0.00864470669851158
1209 1.08687299300272
1210 3.24357767917185
1211 6.3390716950228
1212 10.406559053002
1213 15.9059686767628
1214 21.8078213026237
1215 28.0176639389343
1216 34.9777500214519
1217 41.5531347928363
1218 48.29836696447
1219 55.0576458992366
1220 61.80908735614
1221 68.4310736796578
1222 74.6432494454821
1223 80.5165812531247
1224 86.1271458024607
1225 91.5684445758051
1226 96.914264374225
1227 100
1228 100
1229 100
1230 100
1231 100
1232 100
1233 100
1234 100
1235 100
1236 99.3854663499289
1237 96.2063398659339
1238 90.9635431699948
1239 84.1350695527024
1240 76.1342568682373
1241 66.8530473414569
1242 56.8953077882058
1243 46.4214483230265
1244 35.7757543653574
1245 25.0015571851974
1246 14.4975213014844
1247 4.16412745311038
1248 0
1249 0
1250 0
1251 0
1252 0
1253 0
1254 0
1255 0
1256 0
1257 0
1258 0
1259 0
1260 0
