1 33.18
2 33.18
3 33.18
4 33.18
5 33.18
6 33.18
7 33.18
8 33.18
9 33.18
10 33.18
11 33.18
12 33.18
13 33.18
14 33.18
15 33.18
16 33.18
17 33.18
18 33.18
19 33.18
20 33.18
21 33.18
22 33.18
23 33.18
24 33.18
25 33.18
26 33.18
27 33.18
28 33.18
29 33.18
30 33.18
31 33.18
32 33.18
33 33.18
34 33.18
35 33.18
36 33.18
37 33.18
38 33.18
39 33.18
40 33.18
41 33.18
42 33.18
43 33.18
44 33.18
45 33.18
46 33.18
47 33.18
48 33.18
49 33.18
50 33.18
51 33.18
52 33.18
53 33.18
54 33.18
55 33.18
56 33.18
57 33.18
58 33.18
59 33.18
60 33.18
61 33.18
62 33.18
63 33.18
64 33.18
65 33.18
66 33.18
67 33.18
68 33.18
69 33.18
70 33.18
71 33.18
72 33.18
73 33.18
74 33.18
75 33.18
76 33.18
77 33.18
78 33.18
79 33.18
80 33.18
81 33.18
82 33.18
83 33.18
84 33.18
85 33.18
86 33.18
87 33.18
88 33.18
89 33.18
90 33.18
91 33.18
92 33.18
93 33.18
94 33.18
95 33.18
96 33.18
97 33.18
98 33.18
99 33.18
100 33.18
101 33.18
102 33.18
103 33.18
104 33.18
105 33.18
106 33.18
107 33.18
108 33.18
109 33.18
110 33.18
111 33.18
112 33.18
113 33.18
114 33.18
115 33.18
116 33.18
117 33.18
118 33.18
119 33.18
120 33.18
121 33.18
122 33.18
123 33.18
124 33.18
125 33.18
126 33.18
127 33.18
128 33.18
129 33.18
130 33.18
131 33.18
132 33.18
133 33.18
134 33.18
135 33.18
136 33.18
137 33.18
138 33.18
139 33.18
140 33.18
141 33.18
142 33.18
143 33.18
144 33.18
145 33.18
146 33.18
147 33.18
148 33.18
149 33.18
150 33.18
151 33.18
152 33.18
153 33.18
154 33.18
155 33.18
156 33.18
157 33.18
158 33.18
159 33.18
160 33.18
161 33.18
162 33.18
163 33.18
164 33.18
165 33.18
166 33.18
167 33.18
168 33.18
169 33.18
170 33.18
171 33.18
172 33.18
173 33.18
174 33.18
175 33.18
176 33.18
177 33.18
178 33.18
179 33.18
180 33.18
181 33.18
182 33.18
183 33.18
184 33.18
185 33.18
186 33.18
187 33.18
188 33.18
189 33.18
190 33.18
191 33.18
192 33.18
193 33.18
194 33.18
195 33.18
196 33.18
197 33.18
198 33.18
199 33.18
200 33.18
201 33.18
202 33.18
203 33.18
204 33.18
205 33.18
206 33.18
207 33.18
208 33.18
209 33.18
210 33.18
211 33.18
212 33.18
213 33.18
214 33.18
215 33.18
216 33.18
217 33.18
218 33.18
219 33.18
220 33.18
221 33.18
222 33.18
223 33.18
224 33.18
225 33.18
226 33.18
227 33.18
228 33.18
229 33.18
230 33.18
231 33.18
232 33.18
233 33.18
234 33.18
235 33.18
236 33.18
237 33.18
238 33.18
239 33.18
240 33.18
241 33.18
242 33.18
243 33.18
244 33.18
245 33.18
246 33.18
247 33.18
248 33.18
249 33.18
250 33.18
251 33.18
252 33.18
253 33.18
254 33.18
255 33.18
256 33.18
257 33.18
258 33.18
259 33.18
260 33.18
261 33.18
262 33.18
263 33.18
264 33.18
265 33.18
266 33.18
267 33.18
268 33.18
269 33.18
270 33.18
271 33.18
272 33.18
273 33.18
274 33.18
275 33.18
276 33.18
277 33.18
278 33.18
279 33.18
280 33.18
281 33.18
282 33.18
283 33.18
284 33.18
285 33.18
286 33.18
287 33.18
288 33.18
289 33.18
290 33.18
291 33.18
292 33.18
293 33.18
294 33.18
295 33.18
296 33.18
297 33.18
298 33.18
299 33.18
300 33.18
301 33.18
302 33.18
303 33.18
304 33.18
305 33.18
306 33.18
307 33.18
308 33.18
309 33.18
310 33.18
311 33.18
312 33.18
313 33.18
314 33.18
315 33.18
316 33.18
317 33.18
318 33.18
319 33.18
320 33.18
321 33.18
322 33.18
323 33.18
324 33.18
325 33.18
326 33.18
327 33.18
328 33.18
329 33.18
330 33.18
331 33.18
332 33.18
333 33.18
334 33.18
335 33.18
336 33.18
337 33.18
338 33.18
339 33.18
340 33.18
341 33.18
342 33.18
343 33.18
344 33.18
345 33.18
346 33.18
347 33.18
348 33.18
349 33.18
350 33.18
351 33.18
352 33.18
353 33.18
354 33.18
355 33.18
356 33.18
357 33.18
358 33.18
359 33.18
360 33.18
361 33.18
362 33.18
363 33.18
364 33.18
365 33.18
366 33.18
367 33.18
368 33.18
369 33.18
370 33.18
371 33.18
372 33.18
373 33.18
374 33.18
375 33.18
376 33.18
377 33.18
378 33.18
379 33.18
380 33.18
381 33.18
382 33.18
383 33.18
384 33.18
385 33.18
386 33.12
387 33.12
388 33.12
389 33.12
390 33.12
391 33.12
392 33.12
393 33.12
394 33.12
395 33.12
396 33.12
397 33.12
398 33.12
399 33.12
400 33.18
401 33.18
402 33.18
403 33.18
404 33.18
405 33.18
406 33.18
407 33.18
408 33.18
409 33.18
410 33.18
411 33.18
412 33.18
413 33.25
414 33.25
415 33.25
416 33.31
417 33.31
418 33.31
419 33.31
420 33.37
421 33.37
422 33.43
423 33.43
424 33.5
425 33.5
426 33.5
427 33.56
428 33.62
429 33.62
430 33.68
431 33.75
432 33.75
433 33.75
434 33.81
435 33.81
436 33.81
437 33.87
438 33.87
439 33.93
440 34
441 34
442 34
443 34.06
444 34.06
445 34.06
446 34.12
447 34.18
448 34.18
449 34.18
450 34.25
451 34.31
452 34.31
453 34.37
454 34.37
455 34.43
456 34.43
457 34.5
458 34.5
459 34.56
460 34.56
461 34.62
462 34.62
463 34.68
464 34.75
465 34.75
466 34.81
467 34.81
468 34.87
469 34.93
470 34.93
471 35
472 35.06
473 35.12
474 35.12
475 35.18
476 35.25
477 35.25
478 35.31
479 35.31
480 35.31
481 35.37
482 35.37
483 35.43
484 35.43
485 35.5
486 35.5
487 35.56
488 35.62
489 35.62
490 35.68
491 35.68
492 35.68
493 35.75
494 35.75
495 35.75
496 35.81
497 35.81
498 35.81
499 35.87
500 35.87
501 35.87
502 35.87
503 35.87
504 35.93
505 35.93
506 35.93
507 36
508 36.06
509 36.12
510 36.12
511 36.12
512 36.12
513 36.18
514 36.18
515 36.18
516 36.18
517 36.18
518 36.18
519 36.18
520 36.18
521 36.18
522 36.25
523 36.25
524 36.25
525 36.31
526 36.31
527 36.37
528 36.37
529 36.37
530 36.43
531 36.43
532 36.43
533 36.5
534 36.5
535 36.5
536 36.56
537 36.56
538 36.62
539 36.62
540 36.68
541 36.68
542 36.68
543 36.75
544 36.75
545 36.81
546 36.81
547 36.81
548 36.87
549 36.87
550 36.93
551 36.93
552 36.93
553 37
554 37
555 37
556 37
557 37.06
558 37.06
559 37.06
560 37.06
561 37.06
562 37.06
563 37.06
564 37.06
565 37.06
566 37.06
567 37
568 37
569 37
570 37
571 37
572 37
573 37
574 37
575 37.06
576 37.06
577 37.06
578 37.06
579 37.06
580 37.06
581 37.06
582 37.06
583 37.06
584 37.06
585 37.06
586 37
587 37.06
588 37
589 37.06
590 37.06
591 37.06
592 37.12
593 37.06
594 37.06
595 37.06
596 37.12
597 37.12
598 37.18
599 37.12
600 37.18
601 37.12
602 37.12
603 37.12
604 37.12
605 37.06
606 37
607 37
608 37
609 37
610 37
611 37
612 36.93
613 37
614 37.06
615 37.06
616 37.06
617 37.06
618 37.06
619 37
620 37
621 37
622 36.93
623 37
624 37
625 37
626 37.06
627 37.06
628 37.06
629 37.12
630 37.12
631 37.12
632 37.12
633 37.12
634 37.06
635 37.06
636 37
637 37
638 37
639 37
640 37
641 36.93
642 36.93
643 36.93
644 36.93
645 36.93
646 36.93
647 37
648 37
649 37
650 37
651 37
652 37.06
653 37.06
654 37.06
655 37
656 37
657 37
658 37
659 37.06
660 37.06
661 37.12
662 37.12
663 37.12
664 37.12
665 37.12
666 37.12
667 37.12
668 37.12
669 37.12
670 37.12
671 37.12
672 37.12
673 37.12
674 37.18
675 37.18
676 37.18
677 37.18
678 37.18
679 37.18
680 37.18
681 37.12
682 37.12
683 37.12
684 37.12
685 37.12
686 37.12
687 37.12
688 37.12
689 37.12
690 37.12
691 37.06
692 37.06
693 37.06
694 37.06
695 37
696 37
697 37
698 37
699 37
700 36.93
701 36.93
702 36.93
703 36.87
704 36.87
705 36.87
706 36.87
707 36.81
708 36.81
709 36.81
710 36.75
711 36.68
712 36.68
713 36.68
714 36.68
715 36.62
716 36.62
717 36.62
718 36.56
719 36.56
720 36.56
721 36.5
722 36.5
723 36.43
724 36.43
725 36.37
726 36.31
727 36.25
728 36.18
729 36.18
730 36.12
731 36.06
732 36.06
733 36
734 36
735 35.93
736 35.93
737 35.87
738 35.81
739 35.81
740 35.75
741 35.68
742 35.62
743 35.56
744 35.56
745 35.5
746 35.5
747 35.43
748 35.43
749 35.37
750 35.31
751 35.31
752 35.25
753 35.18
754 35.12
755 35.06
756 35.06
757 35
758 35
759 34.93
760 34.87
761 34.81
762 34.81
763 34.81
764 34.75
765 34.75
766 34.68
767 34.68
768 34.68
769 34.62
770 34.56
771 34.56
772 34.5
773 34.5
774 34.43
775 34.43
776 34.43
777 34.37
778 34.37
779 34.31
780 34.31
781 34.25
782 34.25
783 34.18
784 34.18
785 34.12
786 34.12
787 34.12
788 34.06
789 34.06
790 34.06
791 34
792 33.93
793 33.93
794 33.93
795 33.93
796 33.87
797 33.87
798 33.81
799 33.81
800 33.75
801 33.75
802 33.75
803 33.68
804 33.62
805 33.62
806 33.56
807 33.56
808 33.56
809 33.5
810 33.5
811 33.5
812 33.5
813 33.43
814 33.43
815 33.37
816 33.37
817 33.37
818 33.37
819 33.37
820 33.31
821 33.31
822 33.31
823 33.25
824 33.25
825 33.25
826 33.25
827 33.25
828 33.25
829 33.25
830 33.25
831 33.25
832 33.25
833 33.25
834 33.25
835 33.25
836 33.25
837 33.18
838 33.18
839 33.18
840 33.18
841 33.18
842 33.12
843 33.12
844 33.12
845 33.18
846 33.12
847 33.12
848 33.12
849 33.06
850 33.06
851 33.06
852 33.12
853 33.06
854 33.06
855 33.06
856 33.06
857 33.06
858 33.06
859 33.06
860 33.06
861 33.06
862 33
863 33.06
864 33
865 33
866 33
867 33
868 33
869 33
870 33
871 32.93
872 32.93
873 32.93
874 32.93
875 32.93
876 32.87
877 32.87
878 32.87
879 32.87
880 32.87
881 32.87
882 32.87
883 32.87
884 32.93
885 32.87
886 32.87
887 32.87
888 32.87
889 32.87
890 32.87
891 32.87
892 32.87
893 32.81
894 32.87
895 32.81
896 32.81
897 32.81
898 32.81
899 32.81
900 32.81
901 32.81
902 32.81
903 32.81
904 32.81
905 32.87
906 32.87
907 32.87
908 32.87
909 32.87
910 32.87
911 32.87
912 32.93
913 32.93
914 32.93
915 32.93
916 32.93
917 32.93
918 32.93
919 32.93
920 32.93
921 32.93
922 32.93
923 32.93
924 32.93
925 32.93
926 32.93
927 32.93
928 32.87
929 32.93
930 32.93
931 32.87
932 32.87
933 32.87
934 32.87
935 32.87
936 32.87
937 32.87
938 32.93
939 32.87
940 32.87
941 32.87
942 32.87
943 32.93
944 32.87
945 32.93
946 32.93
947 32.93
948 32.87
949 32.87
950 32.93
951 32.93
952 32.93
953 32.93
954 32.93
955 32.87
956 32.93
957 32.87
958 32.87
959 32.93
960 32.93
961 32.87
962 32.93
963 32.93
964 32.93
965 32.93
966 32.93
967 32.93
968 32.93
969 32.93
970 32.93
971 32.93
972 32.87
973 32.87
974 32.87
975 32.87
976 32.87
977 32.93
978 32.93
979 32.93
980 32.93
981 32.93
982 32.87
983 32.87
984 32.87
985 32.87
986 32.87
987 32.87
988 32.87
989 32.93
990 32.93
991 33
992 33
993 33
994 33
995 33
996 33
997 33
998 33
999 33.06
1000 33.06
1001 33.06
1002 33
1003 33
1004 33
1005 33
1006 33.06
1007 33.06
1008 33.06
1009 33.06
1010 33.06
1011 33.06
1012 33.12
1013 33.12
1014 33.18
1015 33.12
1016 33.12
1017 33.18
1018 33.18
1019 33.18
1020 33.18
1021 33.18
1022 33.25
1023 33.25
1024 33.25
1025 33.31
1026 33.25
1027 33.25
1028 33.31
1029 33.31
1030 33.31
1031 33.31
1032 33.31
1033 33.31
1034 33.31
1035 33.31
1036 33.31
1037 33.37
1038 33.31
1039 33.37
1040 33.37
1041 33.37
1042 33.37
1043 33.43
1044 33.43
1045 33.5
1046 33.5
1047 33.5
1048 33.56
1049 33.56
1050 33.56
1051 33.56
1052 33.56
1053 33.62
1054 33.62
1055 33.62
1056 33.62
1057 33.68
1058 33.68
1059 33.68
1060 33.68
1061 33.75
1062 33.75
1063 33.75
1064 33.81
1065 33.81
1066 33.81
1067 33.87
1068 33.87
1069 33.93
1070 33.93
1071 33.93
1072 33.93
1073 33.93
1074 33.93
1075 34
1076 34
1077 34.06
1078 34
1079 34.06
1080 34.06
1081 34.06
1082 34.06
1083 34.06
1084 34.06
1085 34.06
1086 34.06
1087 34.06
1088 34.12
1089 34.12
1090 34.12
1091 34.12
1092 34.12
1093 34.12
1094 34.18
1095 34.18
1096 34.18
1097 34.18
1098 34.18
1099 34.18
1100 34.18
1101 34.25
1102 34.25
1103 34.25
1104 34.25
1105 34.25
1106 34.25
1107 34.25
1108 34.25
1109 34.31
1110 34.31
1111 34.31
1112 34.31
1113 34.31
1114 34.31
1115 34.31
1116 34.31
1117 34.31
1118 34.31
1119 34.31
1120 34.31
1121 34.37
1122 34.37
1123 34.37
1124 34.37
1125 34.43
1126 34.43
1127 34.43
1128 34.43
1129 34.43
1130 34.43
1131 34.43
1132 34.43
1133 34.43
1134 34.5
1135 34.5
1136 34.5
1137 34.5
1138 34.5
1139 34.5
1140 34.5
1141 34.5
1142 34.56
1143 34.56
1144 34.56
1145 34.56
1146 34.56
1147 34.56
1148 34.56
1149 34.62
1150 34.56
1151 34.56
1152 34.56
1153 34.56
1154 34.56
1155 34.62
1156 34.62
1157 34.62
1158 34.62
1159 34.62
1160 34.62
1161 34.62
1162 34.56
1163 34.56
1164 34.56
1165 34.56
1166 34.56
1167 34.56
1168 34.56
1169 34.56
1170 34.56
1171 34.56
1172 34.56
1173 34.56
1174 34.56
1175 34.56
1176 34.56
1177 34.56
1178 34.56
1179 34.56
1180 34.56
1181 34.56
1182 34.5
1183 34.5
1184 34.5
1185 34.5
1186 34.5
1187 34.43
1188 34.43
1189 34.43
1190 34.5
1191 34.43
1192 34.43
1193 34.5
1194 34.5
1195 34.5
1196 34.5
1197 34.5
1198 34.56
1199 34.56
1200 34.56
1201 34.56
1202 34.56
1203 34.56
1204 34.62
1205 34.56
1206 34.62
1207 34.62
1208 34.62
1209 34.62
1210 34.62
1211 34.62
1212 34.62
1213 34.62
1214 34.62
1215 34.62
1216 34.62
1217 34.62
1218 34.62
1219 34.62
1220 34.62
1221 34.62
1222 34.62
1223 34.62
1224 34.62
1225 34.62
1226 34.62
1227 34.62
1228 34.62
1229 34.62
1230 34.62
1231 34.62
1232 34.56
1233 34.56
1234 34.56
1235 34.56
1236 34.56
1237 34.56
1238 34.56
1239 34.56
1240 34.56
1241 34.56
1242 34.56
1243 34.56
1244 34.56
1245 34.56
1246 34.56
1247 34.56
1248 34.5
1249 34.56
1250 34.56
1251 34.56
1252 34.56
1253 34.56
1254 34.56
1255 34.5
1256 34.5
1257 34.5
1258 34.43
1259 34.5
1260 34.5
