1 33.5
2 33.5
3 33.5
4 33.5
5 33.5
6 33.5
7 33.5
8 33.5
9 33.5
10 33.5
11 33.5
12 33.5
13 33.5
14 33.5
15 33.5
16 33.5
17 33.5
18 33.5
19 33.5
20 33.5
21 33.5
22 33.5
23 33.5
24 33.5
25 33.5
26 33.5
27 33.5
28 33.5
29 33.5
30 33.5
31 33.5
32 33.5
33 33.5
34 33.5
35 33.5
36 33.5
37 33.5
38 33.5
39 33.5
40 33.5
41 33.5
42 33.5
43 33.5
44 33.5
45 33.5
46 33.5
47 33.5
48 33.5
49 33.5
50 33.5
51 33.5
52 33.5
53 33.5
54 33.5
55 33.5
56 33.5
57 33.5
58 33.5
59 33.5
60 33.5
61 33.5
62 33.5
63 33.5
64 33.5
65 33.5
66 33.5
67 33.5
68 33.5
69 33.5
70 33.5
71 33.5
72 33.5
73 33.5
74 33.5
75 33.5
76 33.5
77 33.5
78 33.5
79 33.5
80 33.5
81 33.5
82 33.5
83 33.5
84 33.5
85 33.5
86 33.5
87 33.5
88 33.5
89 33.5
90 33.5
91 33.5
92 33.5
93 33.5
94 33.5
95 33.5
96 33.5
97 33.5
98 33.5
99 33.5
100 33.5
101 33.5
102 33.5
103 33.5
104 33.5
105 33.5
106 33.5
107 33.5
108 33.5
109 33.5
110 33.5
111 33.5
112 33.5
113 33.5
114 33.5
115 33.5
116 33.5
117 33.5
118 33.5
119 33.5
120 33.5
121 33.5
122 33.5
123 33.5
124 33.5
125 33.5
126 33.5
127 33.5
128 33.5
129 33.5
130 33.5
131 33.5
132 33.5
133 33.5
134 33.5
135 33.5
136 33.5
137 33.5
138 33.5
139 33.5
140 33.5
141 33.5
142 33.5
143 33.5
144 33.5
145 33.5
146 33.5
147 33.5
148 33.5
149 33.5
150 33.5
151 33.5
152 33.5
153 33.5
154 33.5
155 33.5
156 33.5
157 33.5
158 33.5
159 33.5
160 33.5
161 33.5
162 33.5
163 33.5
164 33.5
165 33.5
166 33.5
167 33.5
168 33.5
169 33.5
170 33.5
171 33.5
172 33.5
173 33.5
174 33.5
175 33.5
176 33.5
177 33.5
178 33.5
179 33.5
180 33.5
181 33.5
182 33.5
183 33.5
184 33.5
185 33.5
186 33.5
187 33.5
188 33.5
189 33.5
190 33.5
191 33.5
192 33.5
193 33.5
194 33.5
195 33.5
196 33.5
197 33.5
198 33.5
199 33.5
200 33.5
201 33.5
202 33.5
203 33.5
204 33.5
205 33.5
206 33.5
207 33.5
208 33.5
209 33.5
210 33.5
211 33.5
212 33.5
213 33.5
214 33.5
215 33.5
216 33.5
217 33.5
218 33.5
219 33.5
220 33.5
221 33.5
222 33.5
223 33.5
224 33.5
225 33.5
226 33.5
227 33.5
228 33.5
229 33.5
230 33.5
231 33.5
232 33.5
233 33.5
234 33.5
235 33.5
236 33.5
237 33.5
238 33.5
239 33.5
240 33.5
241 33.5
242 33.5
243 33.5
244 33.5
245 33.5
246 33.5
247 33.5
248 33.5
249 33.5
250 33.5
251 33.5
252 33.5
253 33.5
254 33.5
255 33.5
256 33.5
257 33.5
258 33.5
259 33.5
260 33.5
261 33.5
262 33.5
263 33.5
264 33.5
265 33.5
266 33.5
267 33.5
268 33.5
269 33.5
270 33.5
271 33.5
272 33.5
273 33.5
274 33.5
275 33.5
276 33.5
277 33.5
278 33.5
279 33.5
280 33.5
281 33.5
282 33.5
283 33.5
284 33.5
285 33.5
286 33.5
287 33.5
288 33.5
289 33.5
290 33.5
291 33.5
292 33.5
293 33.5
294 33.5
295 33.5
296 33.5
297 33.5
298 33.5
299 33.5
300 33.5
301 33.5
302 33.5
303 33.5
304 33.5
305 33.5
306 33.5
307 33.5
308 33.5
309 33.5
310 33.5
311 33.5
312 33.5
313 33.5
314 33.5
315 33.5
316 33.5
317 33.5
318 33.5
319 33.5
320 33.5
321 33.5
322 33.5
323 33.5
324 33.5
325 33.5
326 33.5
327 33.5
328 33.5
329 33.5
330 33.5
331 33.5
332 33.5
333 33.5
334 33.5
335 33.5
336 33.5
337 33.5
338 33.5
339 33.5
340 33.5
341 33.5
342 33.5
343 33.5
344 33.5
345 33.5
346 33.5
347 33.5
348 33.5
349 33.5
350 33.5
351 33.5
352 33.5
353 33.5
354 33.5
355 33.5
356 33.5
357 33.5
358 33.5
359 33.5
360 33.5
361 33.5
362 33.5
363 33.5
364 33.5
365 33.5
366 33.5
367 33.5
368 33.5
369 33.5
370 33.5
371 33.5
372 33.5
373 33.5
374 33.5
375 33.5
376 33.5
377 33.5
378 33.5
379 33.5
380 33.5
381 33.5
382 33.5
383 33.43
384 33.43
385 33.43
386 33.43
387 33.43
388 33.43
389 33.37
390 33.37
391 33.43
392 33.43
393 33.43
394 33.5
395 33.5
396 33.56
397 33.62
398 33.68
399 33.81
400 33.87
401 34
402 34.12
403 34.25
404 34.37
405 34.56
406 34.68
407 34.81
408 34.93
409 35.06
410 35.25
411 35.37
412 35.56
413 35.75
414 35.87
415 36.06
416 36.18
417 36.31
418 36.43
419 36.56
420 36.68
421 36.81
422 36.87
423 37
424 37.06
425 37.18
426 37.25
427 37.31
428 37.37
429 37.43
430 37.5
431 37.5
432 37.56
433 37.56
434 37.56
435 37.56
436 37.56
437 37.56
438 37.56
439 37.56
440 37.5
441 37.5
442 37.43
443 37.43
444 37.43
445 37.37
446 37.31
447 37.31
448 37.25
449 37.25
450 37.18
451 37.12
452 37.12
453 37.06
454 37.12
455 37.06
456 37.06
457 37.06
458 37
459 37
460 36.93
461 36.93
462 36.87
463 36.87
464 36.87
465 36.81
466 36.81
467 36.81
468 36.75
469 36.75
470 36.75
471 36.68
472 36.75
473 36.68
474 36.68
475 36.68
476 36.68
477 36.68
478 36.62
479 36.62
480 36.62
481 36.62
482 36.68
483 36.68
484 36.68
485 36.68
486 36.68
487 36.68
488 36.68
489 36.68
490 36.68
491 36.68
492 36.75
493 36.75
494 36.81
495 36.81
496 36.87
497 36.87
498 36.87
499 36.93
500 37
501 37
502 37.06
503 37.18
504 37.25
505 37.25
506 37.31
507 37.37
508 37.37
509 37.43
510 37.5
511 37.56
512 37.62
513 37.68
514 37.68
515 37.68
516 37.68
517 37.68
518 37.68
519 37.68
520 37.62
521 37.62
522 37.68
523 37.62
524 37.62
525 37.62
526 37.56
527 37.5
528 37.43
529 37.43
530 37.37
531 37.31
532 37.25
533 37.18
534 37.12
535 37.06
536 37
537 36.93
538 36.87
539 36.81
540 36.75
541 36.68
542 36.62
543 36.56
544 36.56
545 36.5
546 36.43
547 36.37
548 36.37
549 36.31
550 36.25
551 36.25
552 36.25
553 36.25
554 36.25
555 36.25
556 36.25
557 36.25
558 36.31
559 36.31
560 36.31
561 36.31
562 36.37
563 36.37
564 36.43
565 36.5
566 36.5
567 36.56
568 36.62
569 36.68
570 36.68
571 36.75
572 36.87
573 36.93
574 37
575 37.06
576 37.12
577 37.25
578 37.31
579 37.37
580 37.43
581 37.5
582 37.5
583 37.56
584 37.62
585 37.68
586 37.75
587 37.75
588 37.81
589 37.81
590 37.87
591 37.87
592 37.87
593 37.87
594 37.87
595 37.81
596 37.81
597 37.81
598 37.75
599 37.75
600 37.68
601 37.62
602 37.56
603 37.5
604 37.43
605 37.31
606 37.25
607 37.18
608 37.12
609 37
610 36.93
611 36.87
612 36.81
613 36.68
614 36.62
615 36.56
616 36.5
617 36.43
618 36.31
619 36.25
620 36.18
621 36.18
622 36.12
623 36.12
624 36.06
625 36.12
626 36.06
627 36.06
628 36.06
629 36.06
630 36.06
631 36.12
632 36.12
633 36.18
634 36.25
635 36.31
636 36.37
637 36.43
638 36.56
639 36.62
640 36.68
641 36.81
642 36.87
643 36.93
644 37.06
645 37.18
646 37.25
647 37.37
648 37.43
649 37.56
650 37.62
651 37.68
652 37.75
653 37.81
654 37.87
655 37.87
656 37.93
657 38
658 38
659 38.06
660 38.06
661 38.06
662 38.06
663 38.06
664 38
665 38
666 37.93
667 37.87
668 37.81
669 37.75
670 37.68
671 37.62
672 37.56
673 37.5
674 37.43
675 37.37
676 37.31
677 37.18
678 37.06
679 36.93
680 36.87
681 36.75
682 36.62
683 36.5
684 36.43
685 36.31
686 36.18
687 36.06
688 35.93
689 35.81
690 35.68
691 35.56
692 35.43
693 35.31
694 35.18
695 35.06
696 34.93
697 34.81
698 34.68
699 34.56
700 34.37
701 34.25
702 34.12
703 34
704 33.87
705 33.81
706 33.68
707 33.62
708 33.5
709 33.37
710 33.25
711 33.18
712 33.06
713 32.93
714 32.81
715 32.75
716 32.62
717 32.5
718 32.43
719 32.31
720 32.25
721 32.18
722 32.12
723 32.06
724 32.06
725 32
726 32
727 32
728 32.06
729 32.06
730 32.12
731 32.12
732 32.18
733 32.31
734 32.37
735 32.5
736 32.62
737 32.75
738 32.87
739 33.06
740 33.18
741 33.31
742 33.5
743 33.68
744 33.87
745 34
746 34.18
747 34.31
748 34.43
749 34.56
750 34.62
751 34.75
752 34.81
753 34.93
754 34.93
755 35
756 35.06
757 35.12
758 35.12
759 35.12
760 35.18
761 35.18
762 35.18
763 35.18
764 35.18
765 35.18
766 35.12
767 35.06
768 35
769 35
770 34.93
771 34.81
772 34.75
773 34.75
774 34.62
775 34.62
776 34.5
777 34.43
778 34.37
779 34.31
780 34.25
781 34.18
782 34.06
783 33.93
784 33.87
785 33.81
786 33.68
787 33.62
788 33.5
789 33.43
790 33.31
791 33.25
792 33.25
793 33.12
794 33.06
795 33.06
796 33
797 33
798 32.93
799 32.93
800 32.93
801 32.93
802 32.93
803 33
804 33
805 33
806 33.06
807 33.06
808 33.06
809 33.12
810 33.12
811 33.18
812 33.18
813 33.25
814 33.25
815 33.31
816 33.31
817 33.37
818 33.37
819 33.37
820 33.37
821 33.37
822 33.37
823 33.37
824 33.37
825 33.37
826 33.37
827 33.37
828 33.37
829 33.37
830 33.37
831 33.37
832 33.37
833 33.37
834 33.37
835 33.37
836 33.43
837 33.43
838 33.43
839 33.37
840 33.43
841 33.37
842 33.37
843 33.37
844 33.37
845 33.37
846 33.31
847 33.31
848 33.37
849 33.31
850 33.31
851 33.31
852 33.31
853 33.31
854 33.31
855 33.31
856 33.31
857 33.25
858 33.25
859 33.18
860 33.18
861 33.12
862 33.06
863 33.06
864 33
865 32.93
866 32.93
867 32.87
868 32.87
869 32.81
870 32.81
871 32.75
872 32.75
873 32.68
874 32.62
875 32.62
876 32.62
877 32.56
878 32.5
879 32.5
880 32.43
881 32.37
882 32.37
883 32.31
884 32.31
885 32.31
886 32.31
887 32.25
888 32.25
889 32.25
890 32.25
891 32.25
892 32.25
893 32.31
894 32.31
895 32.37
896 32.37
897 32.43
898 32.43
899 32.5
900 32.56
901 32.62
902 32.68
903 32.81
904 32.87
905 33
906 33.12
907 33.18
908 33.31
909 33.43
910 33.56
911 33.62
912 33.75
913 33.87
914 34
915 34.06
916 34.18
917 34.25
918 34.31
919 34.43
920 34.5
921 34.56
922 34.56
923 34.62
924 34.62
925 34.62
926 34.68
927 34.68
928 34.68
929 34.62
930 34.62
931 34.56
932 34.56
933 34.5
934 34.43
935 34.37
936 34.31
937 34.25
938 34.18
939 34.12
940 34.06
941 34
942 33.93
943 33.81
944 33.75
945 33.62
946 33.56
947 33.5
948 33.37
949 33.31
950 33.25
951 33.12
952 33.06
953 33
954 32.87
955 32.81
956 32.75
957 32.62
958 32.56
959 32.5
960 32.43
961 32.43
962 32.37
963 32.37
964 32.37
965 32.37
966 32.37
967 32.43
968 32.5
969 32.56
970 32.62
971 32.75
972 32.81
973 33
974 33.12
975 33.25
976 33.37
977 33.5
978 33.68
979 33.81
980 34
981 34.12
982 34.31
983 34.43
984 34.56
985 34.68
986 34.81
987 34.93
988 35.06
989 35.18
990 35.25
991 35.31
992 35.43
993 35.5
994 35.5
995 35.56
996 35.62
997 35.62
998 35.62
999 35.62
1000 35.62
1001 35.62
1002 35.62
1003 35.62
1004 35.62
1005 35.56
1006 35.56
1007 35.5
1008 35.43
1009 35.37
1010 35.31
1011 35.25
1012 35.18
1013 35.12
1014 35.06
1015 35
1016 34.93
1017 34.87
1018 34.81
1019 34.81
1020 34.81
1021 34.75
1022 34.75
1023 34.75
1024 34.68
1025 34.68
1026 34.62
1027 34.62
1028 34.62
1029 34.62
1030 34.62
1031 34.62
1032 34.62
1033 34.56
1034 34.56
1035 34.5
1036 34.5
1037 34.43
1038 34.43
1039 34.37
1040 34.31
1041 34.25
1042 34.25
1043 34.18
1044 34.06
1045 34.06
1046 34
1047 33.87
1048 33.87
1049 33.75
1050 33.75
1051 33.62
1052 33.56
1053 33.5
1054 33.37
1055 33.37
1056 33.31
1057 33.25
1058 33.25
1059 33.18
1060 33.18
1061 33.18
1062 33.12
1063 33.18
1064 33.25
1065 33.25
1066 33.31
1067 33.37
1068 33.43
1069 33.56
1070 33.62
1071 33.75
1072 33.81
1073 33.93
1074 34.06
1075 34.25
1076 34.37
1077 34.56
1078 34.75
1079 34.87
1080 35.06
1081 35.25
1082 35.37
1083 35.56
1084 35.68
1085 35.81
1086 35.93
1087 36.06
1088 36.18
1089 36.31
1090 36.37
1091 36.43
1092 36.5
1093 36.56
1094 36.62
1095 36.62
1096 36.62
1097 36.62
1098 36.68
1099 36.68
1100 36.68
1101 36.62
1102 36.62
1103 36.56
1104 36.56
1105 36.5
1106 36.43
1107 36.37
1108 36.31
1109 36.18
1110 36.12
1111 36.06
1112 35.93
1113 35.87
1114 35.81
1115 35.68
1116 35.56
1117 35.5
1118 35.37
1119 35.25
1120 35.18
1121 35.06
1122 34.93
1123 34.81
1124 34.68
1125 34.62
1126 34.5
1127 34.43
1128 34.31
1129 34.25
1130 34.18
1131 34.18
1132 34.12
1133 34.12
1134 34.12
1135 34.18
1136 34.18
1137 34.18
1138 34.25
1139 34.37
1140 34.43
1141 34.5
1142 34.62
1143 34.68
1144 34.81
1145 34.93
1146 35.06
1147 35.12
1148 35.25
1149 35.31
1150 35.43
1151 35.5
1152 35.62
1153 35.68
1154 35.75
1155 35.81
1156 35.87
1157 35.93
1158 35.93
1159 35.93
1160 36
1161 35.93
1162 35.93
1163 35.93
1164 35.93
1165 35.87
1166 35.87
1167 35.87
1168 35.81
1169 35.75
1170 35.68
1171 35.62
1172 35.56
1173 35.43
1174 35.37
1175 35.31
1176 35.25
1177 35.18
1178 35.06
1179 35
1180 34.87
1181 34.81
1182 34.75
1183 34.68
1184 34.62
1185 34.56
1186 34.5
1187 34.43
1188 34.37
1189 34.31
1190 34.25
1191 34.25
1192 34.25
1193 34.18
1194 34.18
1195 34.18
1196 34.25
1197 34.25
1198 34.25
1199 34.31
1200 34.31
1201 34.31
1202 34.37
1203 34.43
1204 34.43
1205 34.43
1206 34.43
1207 34.5
1208 34.5
1209 34.5
1210 34.5
1211 34.5
1212 34.5
1213 34.43
1214 34.43
1215 34.43
1216 34.37
1217 34.37
1218 34.31
1219 34.25
1220 34.18
1221 34.12
1222 34.06
1223 34
1224 33.93
1225 33.87
1226 33.81
1227 33.75
1228 33.68
1229 33.68
1230 33.68
1231 33.62
1232 33.62
1233 33.62
1234 33.62
1235 33.68
1236 33.68
1237 33.75
1238 33.81
1239 33.87
1240 33.93
1241 34.06
1242 34.18
1243 34.31
1244 34.43
1245 34.56
1246 34.68
1247 34.81
1248 34.93
1249 35.06
1250 35.25
1251 35.37
1252 35.5
1253 35.62
1254 35.75
1255 35.87
1256 36
1257 36.12
1258 36.18
1259 36.31
1260 36.37
