1 29
2 29
3 29
4 29
5 29
6 29
7 29
8 29
9 29
10 29
11 29
12 29
13 29
14 29
15 29
16 29
17 29
18 29
19 29
20 29
21 29
22 29
23 29
24 29
25 29
26 29
27 29
28 29
29 29
30 29
31 47.15
32 47.15
33 54.41
34 61.67
35 68.93
36 76.19
37 83.45
38 91.01
39 98.27
40 100
41 100
42 100
43 100
44 100
45 100
46 100
47 100
48 100
49 100
50 100
51 100
52 100
53 100
54 100
55 100
56 100
57 100
58 100
59 100
60 100
61 100
62 100
63 100
64 100
65 100
66 100
67 100
68 100
69 100
70 100
71 100
72 100
73 100
74 99.69
75 98.7
76 97.63
77 95.76
78 94.16
79 91.71
80 89.02
81 86
82 82.55
83 78.74
84 74.25
85 69.68
86 64.96
87 59.51
88 53.82
89 47.8
90 41.35
91 34.84
92 27.7
93 20.55
94 13.09
95 5.31999999999997
96 0
97 0
98 0
99 0
100 0
101 0
102 0
103 0
104 0
105 0
106 0
107 0
108 0
109 0
110 0
111 0
112 0
113 0
114 0
115 0
116 0
117 0
118 0
119 0
120 0
121 0
122 0
123 0
124 0
125 0
126 0
127 0
128 0
129 0
130 0
131 0
132 0
133 0
134 0
135 0
136 0
137 0
138 0
139 0
140 0
141 0
142 0
143 0
144 0
145 0.0900000000000247
146 0.420000000000009
147 0.780000000000001
148 1.87000000000003
149 2.85000000000001
150 4.56
151 6.51000000000003
152 8.49000000000001
153 11.2
154 13.85
155 17.13
156 20.72
157 24.37
158 28.65
159 32.94
160 37.89
161 42.75
162 48.04
163 53.82
164 59.31
165 65.41
166 71.7
167 78.18
168 84.97
169 91.95
170 99.24
171 100
172 100
173 100
174 100
175 100
176 100
177 100
178 100
179 100
180 100
181 100
182 100
183 100
184 100
185 100
186 100
187 100
188 100
189 100
190 100
191 100
192 100
193 100
194 100
195 100
196 100
197 100
198 100
199 100
200 82.98
201 85.53
202 79.72
203 73.23
204 66.66
205 59.64
206 51.89
207 44.08
208 35.77
209 26.78
210 17.71
211 8.18999999999999
212 0
213 0
214 0
215 0
216 0
217 0
218 0
219 0
220 0
221 0
222 0
223 0
224 0
225 0
226 0
227 0
228 0
229 0
230 0
231 0
232 0
233 0
234 0
235 0
236 0
237 0
238 0
239 0
240 0
241 0
242 0
243 0
244 0
245 0
246 0
247 0
248 0
249 0
250 0
251 0
252 0
253 0
254 0
255 0
256 0
257 0
258 0
259 0
260 0
261 0
262 0
263 0
264 0
265 0
266 0
267 0
268 0
269 0
270 0
271 0
272 0
273 0
274 0
275 0
276 0
277 0
278 0
279 0
280 0
281 0
282 0
283 0.0999999999999872
284 0.510000000000005
285 1.10999999999999
286 2.02000000000001
287 3.12
288 4.23
289 5.82999999999999
290 7.62
291 9.59999999999999
292 11.89
293 14.07
294 16.81
295 19.72
296 22.52
297 25.93
298 29.11
299 32.85
300 36.46
301 40.56
302 44.5
303 48.73
304 53.33
305 57.77
306 62.5
307 67.3
308 72.24
309 77.3
310 82.18
311 87.53
312 92.53
313 97.97
314 100
315 100
316 100
317 100
318 100
319 100
320 100
321 100
322 100
323 100
324 100
325 100
326 100
327 100
328 100
329 100
330 100
331 100
332 100
333 100
334 100
335 100
336 100
337 100
338 99.98
339 99.53
340 98.42
341 97.23
342 95.24
343 92.87
344 90.3
345 86.93
346 83.18
347 78.93
348 74.53
349 69.28
350 63.97
351 58.16
352 51.67
353 45.1
354 37.73
355 30.33
356 22.08
357 13.77
358 4.95999999999998
359 0
360 0
361 0
362 0
363 0
364 0
365 0
366 0
367 0
368 0
369 0
370 0
371 0
372 0
373 0
374 0
375 0
376 0
377 0
378 0
379 0
380 0
381 0
382 0
383 0
384 0
385 0
386 0
387 0
388 0
389 0
390 0
391 0
392 0
393 0
394 0
395 0
396 0
397 0
398 0
399 0
400 0.0900000000000247
401 0
402 0
403 0
404 0
405 0
406 0
407 0
408 0
409 0
410 0
411 0
412 0
413 0
414 0
415 0
416 0
417 0.590000000000025
418 1.07000000000001
419 2.28
420 3.43000000000001
421 4.91
422 6.35000000000001
423 8.38000000000002
424 10.48
425 12.89
426 15.49
427 18.4
428 21.5
429 24.91
430 28.51
431 32.42
432 36.52
433 40.93
434 45.53
435 50.44
436 55.24
437 60.65
438 66.13
439 71.57
440 77.3
441 83.1
442 89.04
443 95.1
444 100
445 100
446 100
447 100
448 100
449 100
450 100
451 100
452 100
453 100
454 100
455 100
456 100
457 100
458 100
459 100
460 100
461 100
462 100
463 100
464 100
465 100
466 100
467 100
468 100
469 100
470 100
471 100
472 100
473 100
474 99.55
475 98.44
476 96.95
477 95.26
478 92.77
479 90.2
480 87.18
481 83.43
482 79.62
483 75.01
484 70.32
485 64.83
486 59.26
487 52.89
488 46.49
489 39.24
490 31.93
491 23.82
492 15.63
493 6.94000000000001
494 0
495 0
496 0
497 0
498 0
499 0
500 0
501 0
502 0
503 0
504 0
505 0
506 0
507 0
508 0
509 0
510 0
511 0
512 0
513 0
514 0
515 0
516 0
517 0
518 0
519 0
520 0
521 0
522 0
523 0
524 0
525 0
526 0
527 0
528 0
529 0
530 0
531 0
532 0
533 0
534 0
535 0
536 0
537 0
538 0
539 0
540 0
541 0
542 0
543 0
544 0
545 0
546 0
547 0
548 0
549 0
550 0
551 0
552 0
553 0
554 0
555 0.209999999999994
556 0.360000000000007
557 0.839999999999989
558 1.93000000000001
559 2.91
560 4.32000000000001
561 5.92
562 8.13
563 10.28
564 12.76
565 15.55
566 18.53
567 21.82
568 25.3
569 28.74
570 32.77
571 36.87
572 41.28
573 45.88
574 50.79
575 55.59
576 61
577 66.48
578 71.92
579 77.95
580 83.75
581 89.81
582 96.04
583 100
584 100
585 100
586 100
587 100
588 100
589 100
590 100
591 100
592 100
593 100
594 100
595 100
596 100
597 100
598 100
599 100
600 100
