1 33.93
2 33.93
3 33.93
4 33.93
5 33.93
6 33.93
7 33.93
8 33.93
9 33.93
10 33.93
11 33.93
12 33.93
13 33.93
14 33.93
15 33.93
16 33.93
17 33.93
18 33.93
19 33.93
20 33.93
21 33.93
22 33.93
23 33.93
24 33.93
25 33.93
26 33.93
27 33.93
28 33.93
29 33.93
30 33.93
31 33.93
32 33.93
33 33.93
34 33.87
35 33.87
36 33.87
37 33.87
38 33.81
39 33.81
40 33.81
41 33.81
42 33.87
43 33.87
44 33.87
45 33.87
46 33.87
47 33.93
48 34
49 34
50 34.06
51 34.12
52 34.18
53 34.18
54 34.31
55 34.37
56 34.43
57 34.56
58 34.62
59 34.62
60 34.75
61 34.81
62 34.87
63 35
64 35.06
65 35.12
66 35.18
67 35.31
68 35.43
69 35.5
70 35.62
71 35.68
72 35.81
73 35.93
74 36.06
75 36.12
76 36.25
77 36.31
78 36.37
79 36.43
80 36.56
81 36.68
82 36.75
83 36.87
84 36.93
85 37
86 37.06
87 37.18
88 37.25
89 37.37
90 37.43
91 37.56
92 37.62
93 37.68
94 37.75
95 37.81
96 37.87
97 37.93
98 38
99 38
100 38.06
101 38.06
102 38.12
103 38.12
104 38.18
105 38.18
106 38.25
107 38.31
108 38.25
109 38.31
110 38.31
111 38.31
112 38.31
113 38.31
114 38.31
115 38.31
116 38.25
117 38.31
118 38.25
119 38.25
120 38.18
121 38.18
122 38.12
123 38.12
124 38.06
125 38.06
126 38
127 37.93
128 37.87
129 37.81
130 37.75
131 37.68
132 37.62
133 37.62
134 37.56
135 37.5
136 37.43
137 37.37
138 37.37
139 37.31
140 37.25
141 37.25
142 37.25
143 37.18
144 37.18
145 37.18
146 37.18
147 37.12
148 37.12
149 37.12
150 37.06
151 37
152 37
153 36.93
154 36.93
155 36.87
156 36.81
157 36.81
158 36.75
159 36.75
160 36.75
161 36.68
162 36.68
163 36.68
164 36.68
165 36.68
166 36.68
167 36.68
168 36.68
169 36.68
170 36.68
171 36.68
172 36.68
173 36.68
174 36.68
175 36.68
176 36.68
177 36.68
178 36.68
179 36.75
180 36.75
181 36.75
182 36.75
183 36.75
184 36.81
185 36.81
186 36.81
187 36.81
188 36.81
189 36.81
190 36.81
191 36.81
192 36.81
193 36.81
194 36.81
195 36.81
196 36.81
197 36.81
198 36.81
199 36.87
200 36.81
201 36.81
202 36.81
203 36.81
204 36.81
205 36.81
206 36.81
207 36.87
208 36.87
209 36.87
210 36.87
211 36.93
212 36.93
213 36.93
214 36.93
215 37
216 37
217 37
218 37.06
219 37
220 37
221 37
222 37.06
223 37.06
224 37.12
225 37.12
226 37.12
227 37.12
228 37.18
229 37.18
230 37.25
231 37.25
232 37.25
233 37.25
234 37.25
235 37.25
236 37.25
237 37.18
238 37.18
239 37.12
240 37.12
241 37.06
242 37.06
243 37.06
244 37
245 37
246 37
247 37
248 36.93
249 36.93
250 36.93
251 37
252 37
253 37
254 37
255 37
256 37
257 37
258 37
259 37
260 36.93
261 36.93
262 36.93
263 36.93
264 36.93
265 36.93
266 36.93
267 36.93
268 36.93
269 36.93
270 36.93
271 36.93
272 36.87
273 36.87
274 36.87
275 36.87
276 36.87
277 36.87
278 36.87
279 36.87
280 36.81
281 36.87
282 36.93
283 36.93
284 37
285 37.06
286 37.06
287 37.06
288 37.06
289 37.12
290 37.12
291 37.12
292 37.12
293 37.12
294 37.12
295 37.18
296 37.18
297 37.18
298 37.18
299 37.18
300 37.18
301 37.18
302 37.25
303 37.25
304 37.25
305 37.25
306 37.25
307 37.25
308 37.18
309 37.18
310 37.12
311 37.12
312 37.06
313 37.06
314 37
315 36.93
316 36.93
317 36.87
318 36.75
319 36.68
320 36.68
321 36.62
322 36.56
323 36.43
324 36.43
325 36.37
326 36.31
327 36.18
328 36.06
329 36
330 35.87
331 35.75
332 35.68
333 35.56
334 35.43
335 35.37
336 35.25
337 35.12
338 35
339 34.93
340 34.81
341 34.68
342 34.56
343 34.43
344 34.37
345 34.25
346 34.12
347 34
348 33.87
349 33.81
350 33.68
351 33.56
352 33.5
353 33.37
354 33.31
355 33.18
356 33.06
357 33
358 32.87
359 32.81
360 32.75
361 32.68
362 32.56
363 32.5
364 32.43
365 32.43
366 32.37
367 32.31
368 32.25
369 32.25
370 32.18
371 32.12
372 32.06
373 32.06
374 32.06
375 32
376 32
377 32
378 31.93
379 31.93
380 31.93
381 31.93
382 31.87
383 31.87
384 31.87
385 31.93
386 31.93
387 31.93
388 31.93
389 31.93
390 31.93
391 31.93
392 32
393 32
394 32.06
395 32.06
396 32.06
397 32.18
398 32.18
399 32.25
400 32.31
401 32.31
402 32.37
403 32.43
404 32.43
405 32.5
406 32.56
407 32.56
408 32.62
409 32.68
410 32.68
411 32.75
412 32.75
413 32.81
414 32.87
415 32.87
416 32.93
417 33
418 33
419 33.06
420 33.12
421 33.12
422 33.18
423 33.18
424 33.25
425 33.25
426 33.31
427 33.37
428 33.37
429 33.37
430 33.37
431 33.43
432 33.43
433 33.43
434 33.43
435 33.5
436 33.56
437 33.62
438 33.62
439 33.62
440 33.68
441 33.68
442 33.68
443 33.68
444 33.68
445 33.68
446 33.68
447 33.75
448 33.75
449 33.68
450 33.68
451 33.68
452 33.68
453 33.68
454 33.68
455 33.68
456 33.75
457 33.75
458 33.75
459 33.75
460 33.68
461 33.68
462 33.68
463 33.68
464 33.68
465 33.62
466 33.62
467 33.62
468 33.62
469 33.56
470 33.56
471 33.5
472 33.5
473 33.43
474 33.37
475 33.37
476 33.37
477 33.31
478 33.25
479 33.25
480 33.18
481 33.12
482 33.12
483 33.06
484 33.06
485 33.06
486 33
487 33
488 33
489 32.93
490 32.93
491 32.93
492 32.87
493 32.87
494 32.87
495 32.81
496 32.81
497 32.81
498 32.81
499 32.75
500 32.75
501 32.75
502 32.68
503 32.68
504 32.62
505 32.62
506 32.62
507 32.62
508 32.68
509 32.68
510 32.62
511 32.62
512 32.62
513 32.62
514 32.62
515 32.62
516 32.62
517 32.62
518 32.62
519 32.68
520 32.68
521 32.68
522 32.68
523 32.68
524 32.68
525 32.75
526 32.75
527 32.81
528 32.81
529 32.81
530 32.81
531 32.81
532 32.81
533 32.81
534 32.81
535 32.81
536 32.81
537 32.81
538 32.81
539 32.81
540 32.87
541 32.87
542 32.81
543 32.87
544 32.81
545 32.81
546 32.81
547 32.81
548 32.87
549 32.87
550 32.87
551 32.87
552 32.87
553 32.87
554 32.87
555 32.87
556 32.93
557 32.93
558 32.93
559 32.93
560 33
561 33
562 33
563 33
564 33
565 32.93
566 32.93
567 32.93
568 32.93
569 32.93
570 32.93
571 33
572 33
573 33.06
574 33.06
575 33.06
576 33.06
577 33.12
578 33.12
579 33.12
580 33.12
581 33.12
582 33.12
583 33.12
584 33.12
585 33.12
586 33.12
587 33.12
588 33.18
589 33.18
590 33.18
591 33.18
592 33.25
593 33.25
594 33.25
595 33.25
596 33.25
597 33.25
598 33.25
599 33.25
600 33.25
601 33.31
602 33.31
603 33.31
604 33.31
605 33.31
606 33.31
607 33.31
608 33.31
609 33.31
610 33.31
611 33.31
612 33.37
613 33.37
614 33.37
615 33.37
616 33.37
617 33.43
618 33.43
619 33.43
620 33.5
621 33.5
622 33.56
623 33.56
624 33.62
625 33.62
626 33.68
627 33.68
628 33.75
629 33.75
630 33.81
631 33.81
632 33.87
633 33.87
634 33.93
635 34
636 34
637 34.06
638 34.06
639 34.12
640 34.12
641 34.18
642 34.25
643 34.25
644 34.31
645 34.31
646 34.37
647 34.43
648 34.43
649 34.5
650 34.5
651 34.56
652 34.56
653 34.62
654 34.62
655 34.68
656 34.68
657 34.68
658 34.75
659 34.75
660 34.81
661 34.81
662 34.81
663 34.87
664 34.87
665 34.87
666 34.87
667 34.93
668 34.93
669 34.93
670 34.93
671 35
672 35
673 35
674 35
675 35
676 35
677 35.06
678 35.06
679 35.06
680 35.06
681 35.06
682 35.06
683 35.06
684 35.06
685 35.06
686 35.06
687 35.06
688 35.06
689 35.06
690 35.06
691 35
692 35
693 35
694 35
695 35
696 35
697 35
698 35
699 34.93
700 34.93
701 34.93
702 34.93
703 34.87
704 34.87
705 34.87
706 34.87
707 34.81
708 34.81
709 34.81
710 34.75
711 34.75
712 34.75
713 34.75
714 34.75
715 34.68
716 34.68
717 34.62
718 34.62
719 34.62
720 34.56
721 34.56
722 34.56
723 34.56
724 34.5
725 34.5
726 34.5
727 34.5
728 34.5
729 34.5
730 34.43
731 34.43
732 34.43
733 34.43
734 34.43
735 34.43
736 34.37
737 34.37
738 34.37
739 34.37
740 34.37
741 34.37
742 34.43
743 34.43
744 34.43
745 34.37
746 34.37
747 34.37
748 34.37
749 34.37
750 34.31
751 34.37
752 34.31
753 34.31
754 34.31
755 34.37
756 34.31
757 34.31
758 34.31
759 34.31
760 34.31
761 34.31
762 34.31
763 34.31
764 34.31
765 34.31
766 34.31
767 34.31
768 34.31
769 34.31
770 34.31
771 34.31
772 34.31
773 34.31
774 34.31
775 34.37
776 34.37
777 34.37
778 34.37
779 34.37
780 34.43
781 34.37
782 34.37
783 34.43
784 34.37
785 34.43
786 34.43
787 34.43
788 34.43
789 34.43
790 34.43
791 34.43
792 34.43
793 34.43
794 34.43
795 34.43
796 34.43
797 34.5
798 34.5
799 34.56
800 34.56
801 34.56
802 34.5
803 34.5
804 34.5
805 34.56
806 34.56
807 34.56
808 34.56
809 34.56
810 34.62
811 34.62
812 34.62
813 34.62
814 34.68
815 34.68
816 34.68
817 34.68
818 34.68
819 34.68
820 34.68
821 34.68
822 34.68
823 34.68
824 34.68
825 34.68
826 34.75
827 34.68
828 34.68
829 34.68
830 34.68
831 34.68
832 34.68
833 34.68
834 34.68
835 34.68
836 34.62
837 34.62
838 34.62
839 34.62
840 34.62
841 34.62
842 34.62
843 34.56
844 34.62
845 34.62
846 34.62
847 34.62
848 34.62
849 34.62
850 34.62
851 34.56
852 34.56
853 34.56
854 34.56
855 34.56
856 34.56
857 34.56
858 34.5
859 34.5
860 34.5
861 34.5
862 34.5
863 34.5
864 34.5
865 34.5
866 34.43
867 34.43
868 34.43
869 34.43
870 34.43
871 34.43
872 34.43
873 34.43
874 34.37
875 34.37
876 34.37
877 34.37
878 34.37
879 34.37
880 34.37
881 34.37
882 34.37
883 34.37
884 34.37
885 34.31
886 34.31
887 34.31
888 34.31
889 34.37
890 34.31
891 34.31
892 34.31
893 34.31
894 34.31
895 34.31
896 34.31
897 34.31
898 34.31
899 34.31
900 34.37
