1 34.31
2 34.31
3 34.31
4 34.31
5 34.31
6 34.31
7 34.31
8 34.31
9 34.31
10 34.31
11 34.31
12 34.31
13 34.31
14 34.31
15 34.31
16 34.31
17 34.31
18 34.31
19 34.31
20 34.31
21 34.31
22 34.31
23 34.31
24 34.31
25 34.31
26 34.31
27 34.31
28 34.31
29 34.31
30 34.31
31 34.31
32 34.31
33 34.31
34 34.31
35 34.31
36 34.31
37 34.31
38 34.31
39 34.31
40 34.31
41 34.31
42 34.31
43 34.31
44 34.31
45 34.31
46 34.31
47 34.31
48 34.31
49 34.31
50 34.31
51 34.31
52 34.31
53 34.31
54 34.31
55 34.31
56 34.31
57 34.31
58 34.31
59 34.31
60 34.31
61 34.31
62 34.31
63 34.31
64 34.31
65 34.31
66 34.31
67 34.31
68 34.31
69 34.31
70 34.31
71 34.31
72 34.31
73 34.31
74 34.31
75 34.31
76 34.31
77 34.31
78 34.31
79 34.31
80 34.31
81 34.31
82 34.31
83 34.31
84 34.31
85 34.31
86 34.31
87 34.31
88 34.31
89 34.31
90 34.31
91 34.31
92 34.31
93 34.31
94 34.31
95 34.31
96 34.31
97 34.31
98 34.31
99 34.31
100 34.31
101 34.31
102 34.31
103 34.31
104 34.31
105 34.31
106 34.31
107 34.31
108 34.31
109 34.31
110 34.31
111 34.31
112 34.31
113 34.31
114 34.31
115 34.31
116 34.31
117 34.31
118 34.31
119 34.31
120 34.31
121 34.31
122 34.31
123 34.31
124 34.31
125 34.31
126 34.31
127 34.31
128 34.31
129 34.31
130 34.31
131 34.31
132 34.31
133 34.31
134 34.31
135 34.31
136 34.31
137 34.31
138 34.31
139 34.31
140 34.31
141 34.31
142 34.31
143 34.31
144 34.31
145 34.31
146 34.31
147 34.31
148 34.31
149 34.31
150 34.31
151 34.31
152 34.31
153 34.31
154 34.31
155 34.31
156 34.31
157 34.31
158 34.31
159 34.31
160 34.31
161 34.31
162 34.31
163 34.31
164 34.31
165 34.31
166 34.31
167 34.31
168 34.31
169 34.31
170 34.31
171 34.31
172 34.31
173 34.31
174 34.31
175 34.31
176 34.31
177 34.31
178 34.31
179 34.31
180 34.31
181 34.31
182 34.31
183 34.31
184 34.31
185 34.31
186 34.31
187 34.31
188 34.31
189 34.31
190 34.31
191 34.31
192 34.31
193 34.31
194 34.31
195 34.31
196 34.31
197 34.31
198 34.31
199 34.31
200 34.31
201 34.31
202 34.31
203 34.31
204 34.31
205 34.31
206 34.31
207 34.31
208 34.31
209 34.31
210 34.31
211 34.31
212 34.31
213 34.31
214 34.31
215 34.31
216 34.31
217 34.31
218 34.31
219 34.31
220 34.31
221 34.31
222 34.31
223 34.31
224 34.31
225 34.31
226 34.31
227 34.31
228 34.31
229 34.31
230 34.31
231 34.31
232 34.31
233 34.31
234 34.31
235 34.31
236 34.31
237 34.31
238 34.31
239 34.31
240 34.31
241 34.31
242 34.31
243 34.31
244 34.31
245 34.31
246 34.31
247 34.31
248 34.31
249 34.31
250 34.31
251 34.31
252 34.31
253 34.31
254 34.31
255 34.31
256 34.31
257 34.31
258 34.31
259 34.31
260 34.31
261 34.31
262 34.31
263 34.31
264 34.31
265 34.31
266 34.31
267 34.31
268 34.31
269 34.31
270 34.31
271 34.31
272 34.31
273 34.31
274 34.31
275 34.31
276 34.31
277 34.31
278 34.31
279 34.31
280 34.31
281 34.31
282 34.31
283 34.31
284 34.31
285 34.31
286 34.31
287 34.31
288 34.31
289 34.31
290 34.31
291 34.31
292 34.31
293 34.31
294 34.31
295 34.31
296 34.31
297 34.31
298 34.31
299 34.31
300 34.31
301 34.31
302 34.31
303 34.31
304 34.31
305 34.31
306 34.31
307 34.31
308 34.31
309 34.31
310 34.31
311 34.31
312 34.31
313 34.31
314 34.31
315 34.31
316 34.31
317 34.31
318 34.31
319 34.31
320 34.31
321 34.31
322 34.31
323 34.31
324 34.31
325 34.31
326 34.31
327 34.31
328 34.31
329 34.31
330 34.31
331 34.31
332 34.31
333 34.31
334 34.31
335 34.31
336 34.31
337 34.31
338 34.31
339 34.31
340 34.31
341 34.31
342 34.31
343 34.31
344 34.31
345 34.31
346 34.31
347 34.31
348 34.31
349 34.31
350 34.31
351 34.31
352 34.31
353 34.31
354 34.31
355 34.31
356 34.31
357 34.31
358 34.31
359 34.31
360 34.31
361 34.31
362 34.31
363 34.31
364 34.31
365 34.31
366 34.31
367 34.31
368 34.31
369 34.31
370 34.31
371 34.31
372 34.31
373 34.31
374 34.31
375 34.31
376 34.31
377 34.31
378 34.31
379 34.31
380 34.31
381 34.31
382 34.31
383 34.37
384 34.37
385 34.37
386 34.31
387 34.31
388 34.31
389 34.31
390 34.31
391 34.31
392 34.31
393 34.31
394 34.31
395 34.31
396 34.31
397 34.31
398 34.37
399 34.37
400 34.37
401 34.43
402 34.43
403 34.5
404 34.5
405 34.5
406 34.5
407 34.56
408 34.56
409 34.62
410 34.68
411 34.68
412 34.75
413 34.81
414 34.87
415 34.87
416 34.93
417 35
418 35.06
419 35.12
420 35.18
421 35.25
422 35.31
423 35.37
424 35.43
425 35.5
426 35.56
427 35.62
428 35.68
429 35.68
430 35.75
431 35.81
432 35.87
433 35.93
434 36
435 36
436 36.06
437 36.12
438 36.12
439 36.18
440 36.18
441 36.25
442 36.31
443 36.31
444 36.37
445 36.43
446 36.5
447 36.56
448 36.56
449 36.56
450 36.62
451 36.62
452 36.68
453 36.68
454 36.75
455 36.81
456 36.87
457 36.87
458 36.87
459 36.87
460 36.87
461 36.87
462 36.93
463 36.87
464 36.93
465 36.93
466 36.93
467 36.93
468 37
469 37
470 37
471 37
472 37.06
473 37.06
474 37.06
475 37.12
476 37.18
477 37.18
478 37.18
479 37.18
480 37.18
481 37.18
482 37.18
483 37.18
484 37.18
485 37.12
486 37.12
487 37.12
488 37.12
489 37.12
490 37.12
491 37.12
492 37.06
493 37.12
494 37.12
495 37.12
496 37.06
497 37.06
498 37.06
499 37.12
500 37.12
501 37.12
502 37.12
503 37.12
504 37.12
505 37.12
506 37.12
507 37.12
508 37.12
509 37.06
510 37.12
511 37.12
512 37.06
513 37.12
514 37.06
515 37.06
516 37.06
517 37.06
518 37.06
519 37.06
520 37.06
521 37.06
522 37.06
523 37.06
524 37.06
525 37.12
526 37.12
527 37.12
528 37.06
529 37.06
530 37.06
531 37.06
532 37.12
533 37.12
534 37.12
535 37.12
536 37.06
537 37.06
538 37.06
539 37.06
540 37.06
541 37.06
542 37.06
543 37.06
544 37.06
545 37.06
546 37.06
547 37
548 37
549 37.06
550 37.06
551 37.06
552 37.06
553 37
554 37
555 37
556 37
557 37
558 37
559 37
560 37
561 37
562 37
563 37
564 37
565 37
566 37
567 37
568 37
569 37
570 37
571 37
572 37.06
573 37
574 37
575 37
576 37
577 37
578 37
579 37
580 37
581 37
582 37
583 37
584 36.93
585 36.93
586 36.93
587 36.93
588 36.93
589 36.87
590 36.93
591 36.93
592 36.93
593 36.93
594 36.93
595 36.93
596 36.93
597 36.93
598 36.93
599 36.93
600 36.93
601 36.93
602 36.93
603 36.93
604 36.93
605 36.93
606 36.93
607 36.93
608 36.93
609 36.93
610 36.93
611 36.93
612 36.93
613 37
614 36.93
615 36.93
616 37
617 37
618 37
619 37.06
620 37
621 37
622 37
623 37.06
624 37.06
625 37.06
626 37.06
627 37.06
628 37
629 37
630 37
631 37
632 37
633 37
634 37
635 37
636 37
637 37
638 37
639 36.93
640 37
641 37
642 37
643 37
644 37
645 37
646 37
647 37
648 37
649 37
650 37.06
651 37.06
652 37.12
653 37.18
654 37.18
655 37.18
656 37.18
657 37.18
658 37.18
659 37.18
660 37.12
661 37.12
662 37.18
663 37.18
664 37.18
665 37.12
666 37.18
667 37.18
668 37.18
669 37.18
670 37.18
671 37.18
672 37.18
673 37.18
674 37.18
675 37.18
676 37.18
677 37.18
678 37.12
679 37.12
680 37.06
681 37.06
682 37
683 36.93
684 36.87
685 36.87
686 36.81
687 36.75
688 36.68
689 36.62
690 36.56
691 36.43
692 36.37
693 36.31
694 36.25
695 36.18
696 36.12
697 36.06
698 35.93
699 35.81
700 35.75
701 35.62
702 35.5
703 35.43
704 35.31
705 35.25
706 35.18
707 35.06
708 35
709 34.87
710 34.81
711 34.68
712 34.62
713 34.5
714 34.43
715 34.31
716 34.25
717 34.12
718 34.06
719 34
720 33.87
721 33.81
722 33.75
723 33.68
724 33.62
725 33.56
726 33.5
727 33.43
728 33.37
729 33.31
730 33.25
731 33.18
732 33.12
733 33.12
734 33.06
735 33
736 33
737 32.93
738 32.93
739 32.87
740 32.81
741 32.81
742 32.75
743 32.75
744 32.68
745 32.62
746 32.62
747 32.62
748 32.56
749 32.56
750 32.56
751 32.56
752 32.56
753 32.56
754 32.56
755 32.56
756 32.56
757 32.62
758 32.62
759 32.62
760 32.62
761 32.62
762 32.62
763 32.68
764 32.68
765 32.68
766 32.68
767 32.68
768 32.75
769 32.75
770 32.75
771 32.75
772 32.75
773 32.75
774 32.81
775 32.81
776 32.81
777 32.81
778 32.87
779 32.87
780 32.87
781 32.87
782 32.93
783 32.93
784 32.93
785 32.93
786 32.93
787 32.87
788 32.93
789 32.93
790 32.93
791 32.93
792 32.93
793 32.93
794 32.93
795 32.93
796 33
797 33
798 33
799 33
800 33
801 33
802 33
803 33
804 33
805 33.06
806 33.06
807 33.06
808 33.06
809 33.06
810 33.06
811 33.06
812 33.06
813 33.06
814 33.06
815 33
816 33.06
817 33
818 33
819 33
820 33
821 33.06
822 33
823 33
824 33
825 33
826 33
827 33
828 33
829 33
830 33
831 33
832 33
833 33
834 33
835 33
836 33
837 33.06
838 33.06
839 33.06
840 33.06
841 33.06
842 33.06
843 33.06
844 33.06
845 33.06
846 33.06
847 33.06
848 33.06
849 33.06
850 33.06
851 33.06
852 33.06
853 33.06
854 33.06
855 33.06
856 33.06
857 33.06
858 33.06
859 33.06
860 33.12
861 33.12
862 33.12
863 33.12
864 33.06
865 33.06
866 33.06
867 33.06
868 33.12
869 33.12
870 33.06
871 33.06
872 33.06
873 33.06
874 33.06
875 33.06
876 33.06
877 33.06
878 33.12
879 33.12
880 33.06
881 33.06
882 33.06
883 33.06
884 33.06
885 33.06
886 33
887 33.06
888 33
889 33.06
890 33
891 33
892 33.06
893 33
894 33.06
895 33
896 33.06
897 33.06
898 33
899 33
900 33
901 33
902 33
903 33
904 33.06
905 33.06
906 33.06
907 33.06
908 33.06
909 33.06
910 33.06
911 33.06
912 33.06
913 33.06
914 33.06
915 33.06
916 33
917 33.06
918 33
919 33.06
920 33.06
921 33.06
922 33.06
923 33.06
924 33.06
925 33.06
926 33
927 33
928 33
929 33
930 33
931 33
932 33
933 33
934 33
935 33
936 32.93
937 32.93
938 32.93
939 32.93
940 32.93
941 32.93
942 32.93
943 32.87
944 32.93
945 32.87
946 32.87
947 32.87
948 32.87
949 32.87
950 32.87
951 32.87
952 32.87
953 32.87
954 32.87
955 32.81
956 32.81
957 32.81
958 32.81
959 32.81
960 32.81
961 32.81
962 32.81
963 32.81
964 32.81
965 32.75
966 32.81
967 32.75
968 32.75
969 32.75
970 32.75
971 32.81
972 32.81
973 32.81
974 32.81
975 32.81
976 32.87
977 32.87
978 32.87
979 32.87
980 32.93
981 32.93
982 32.93
983 33
984 33
985 33
986 33.06
987 33.06
988 33.06
989 33.12
990 33.12
991 33.12
992 33.12
993 33.18
994 33.25
995 33.25
996 33.31
997 33.37
998 33.37
999 33.43
1000 33.5
1001 33.56
1002 33.56
1003 33.62
1004 33.62
1005 33.68
1006 33.68
1007 33.75
1008 33.81
1009 33.87
1010 33.93
1011 33.93
1012 34
1013 34.06
1014 34.12
1015 34.12
1016 34.18
1017 34.18
1018 34.25
1019 34.31
1020 34.31
1021 34.37
1022 34.37
1023 34.43
1024 34.5
1025 34.5
1026 34.56
1027 34.56
1028 34.56
1029 34.62
1030 34.68
1031 34.68
1032 34.68
1033 34.68
1034 34.68
1035 34.75
1036 34.75
1037 34.75
1038 34.81
1039 34.81
1040 34.81
1041 34.81
1042 34.75
1043 34.75
1044 34.75
1045 34.75
1046 34.75
1047 34.75
1048 34.75
1049 34.75
1050 34.75
1051 34.75
1052 34.75
1053 34.75
1054 34.75
1055 34.68
1056 34.68
1057 34.68
1058 34.68
1059 34.68
1060 34.68
1061 34.68
1062 34.68
1063 34.68
1064 34.62
1065 34.62
1066 34.56
1067 34.56
1068 34.56
1069 34.56
1070 34.5
1071 34.5
1072 34.5
1073 34.5
1074 34.5
1075 34.5
1076 34.5
1077 34.43
1078 34.43
1079 34.43
1080 34.43
1081 34.43
1082 34.43
1083 34.43
1084 34.43
1085 34.43
1086 34.43
1087 34.43
1088 34.43
1089 34.43
1090 34.37
1091 34.37
1092 34.37
1093 34.37
1094 34.37
1095 34.37
1096 34.37
1097 34.37
1098 34.37
1099 34.37
1100 34.43
1101 34.43
1102 34.43
1103 34.43
1104 34.43
1105 34.43
1106 34.5
1107 34.5
1108 34.5
1109 34.5
1110 34.5
1111 34.5
1112 34.5
1113 34.5
1114 34.56
1115 34.5
1116 34.5
1117 34.5
1118 34.5
1119 34.5
1120 34.5
1121 34.56
1122 34.56
1123 34.56
1124 34.56
1125 34.56
1126 34.5
1127 34.56
1128 34.5
1129 34.56
1130 34.56
1131 34.56
1132 34.56
1133 34.56
1134 34.56
1135 34.56
1136 34.56
1137 34.56
1138 34.56
1139 34.56
1140 34.56
1141 34.56
1142 34.56
1143 34.56
1144 34.56
1145 34.56
1146 34.56
1147 34.56
1148 34.56
1149 34.56
1150 34.56
1151 34.5
1152 34.5
1153 34.5
1154 34.5
1155 34.5
1156 34.5
1157 34.5
1158 34.5
1159 34.5
1160 34.5
1161 34.5
1162 34.5
1163 34.5
1164 34.5
1165 34.5
1166 34.5
1167 34.5
1168 34.5
1169 34.5
1170 34.5
1171 34.5
1172 34.5
1173 34.5
1174 34.43
1175 34.5
1176 34.43
1177 34.43
1178 34.43
1179 34.43
1180 34.43
1181 34.37
1182 34.43
1183 34.43
1184 34.37
1185 34.37
1186 34.37
1187 34.37
1188 34.37
1189 34.37
1190 34.37
1191 34.37
1192 34.37
1193 34.37
1194 34.37
1195 34.31
1196 34.31
1197 34.37
1198 34.37
1199 34.37
1200 34.37
1201 34.37
1202 34.37
1203 34.37
1204 34.43
1205 34.37
1206 34.37
1207 34.37
1208 34.37
1209 34.37
1210 34.37
1211 34.37
1212 34.43
1213 34.43
1214 34.43
1215 34.43
1216 34.43
1217 34.5
1218 34.5
1219 34.5
1220 34.5
1221 34.5
1222 34.5
1223 34.5
1224 34.5
1225 34.5
1226 34.5
1227 34.5
1228 34.5
1229 34.5
1230 34.5
1231 34.5
1232 34.5
1233 34.56
1234 34.56
1235 34.56
1236 34.56
1237 34.56
1238 34.5
1239 34.5
1240 34.5
1241 34.5
1242 34.56
1243 34.56
1244 34.56
1245 34.56
1246 34.56
1247 34.62
1248 34.62
1249 34.62
1250 34.62
1251 34.62
1252 34.62
1253 34.62
1254 34.68
1255 34.62
1256 34.62
1257 34.62
1258 34.62
1259 34.62
1260 34.62
