1 34.87
2 34.87
3 34.87
4 34.87
5 34.87
6 34.87
7 34.87
8 34.87
9 34.87
10 34.87
11 34.87
12 34.87
13 34.87
14 34.87
15 34.87
16 34.87
17 34.87
18 34.87
19 34.87
20 34.87
21 34.87
22 34.87
23 34.87
24 34.87
25 34.87
26 34.87
27 34.87
28 34.87
29 34.87
30 34.87
31 34.87
32 34.87
33 34.81
34 34.81
35 34.81
36 34.81
37 34.81
38 34.81
39 34.81
40 34.81
41 34.81
42 34.81
43 34.81
44 34.81
45 34.81
46 34.81
47 34.87
48 34.87
49 34.87
50 34.87
51 34.93
52 34.93
53 35
54 35.06
55 35.12
56 35.12
57 35.18
58 35.25
59 35.25
60 35.31
61 35.37
62 35.43
63 35.5
64 35.56
65 35.62
66 35.68
67 35.81
68 35.87
69 35.93
70 36
71 36.06
72 36.12
73 36.18
74 36.31
75 36.37
76 36.43
77 36.5
78 36.56
79 36.62
80 36.68
81 36.75
82 36.87
83 36.87
84 36.93
85 37
86 37.06
87 37.12
88 37.18
89 37.25
90 37.25
91 37.31
92 37.37
93 37.43
94 37.43
95 37.5
96 37.56
97 37.56
98 37.56
99 37.62
100 37.62
101 37.68
102 37.68
103 37.68
104 37.75
105 37.75
106 37.75
107 37.81
108 37.81
109 37.81
110 37.81
111 37.81
112 37.87
113 37.87
114 37.87
115 37.87
116 37.87
117 37.87
118 37.87
119 37.93
120 37.87
121 37.87
122 37.87
123 37.87
124 37.87
125 37.81
126 37.81
127 37.81
128 37.75
129 37.75
130 37.75
131 37.68
132 37.68
133 37.68
134 37.62
135 37.62
136 37.56
137 37.5
138 37.5
139 37.43
140 37.43
141 37.37
142 37.31
143 37.31
144 37.25
145 37.25
146 37.25
147 37.18
148 37.18
149 37.18
150 37.12
151 37.12
152 37.06
153 37.06
154 37.06
155 37
156 37
157 37
158 36.93
159 36.93
160 36.93
161 36.87
162 36.87
163 36.81
164 36.81
165 36.75
166 36.75
167 36.68
168 36.68
169 36.68
170 36.68
171 36.68
172 36.68
173 36.68
174 36.62
175 36.62
176 36.62
177 36.56
178 36.56
179 36.56
180 36.56
181 36.56
182 36.56
183 36.56
184 36.5
185 36.5
186 36.5
187 36.5
188 36.5
189 36.56
190 36.56
191 36.56
192 36.56
193 36.56
194 36.62
195 36.62
196 36.62
197 36.62
198 36.62
199 36.62
200 36.68
201 36.68
202 36.68
203 36.75
204 36.75
205 36.81
206 36.81
207 36.81
208 36.81
209 36.81
210 36.81
211 36.81
212 36.81
213 36.81
214 36.75
215 36.75
216 36.68
217 36.68
218 36.62
219 36.56
220 36.56
221 36.5
222 36.43
223 36.37
224 36.31
225 36.25
226 36.18
227 36.06
228 36
229 35.93
230 35.87
231 35.75
232 35.68
233 35.56
234 35.5
235 35.37
236 35.25
237 35.18
238 35.06
239 34.93
240 34.81
241 34.68
242 34.56
243 34.43
244 34.31
245 34.25
246 34.12
247 34.06
248 33.93
249 33.81
250 33.75
251 33.62
252 33.5
253 33.43
254 33.31
255 33.18
256 33.12
257 33
258 32.93
259 32.81
260 32.75
261 32.68
262 32.56
263 32.5
264 32.43
265 32.37
266 32.31
267 32.18
268 32.18
269 32.12
270 32.06
271 32.06
272 32
273 31.93
274 31.93
275 31.87
276 31.87
277 31.87
278 31.81
279 31.81
280 31.81
281 31.81
282 31.81
283 31.81
284 31.81
285 31.81
286 31.81
287 31.81
288 31.81
289 31.87
290 31.87
291 31.93
292 31.93
293 31.93
294 32
295 32
296 32.06
297 32.12
298 32.18
299 32.18
300 32.25
301 32.31
302 32.31
303 32.37
304 32.43
305 32.5
306 32.5
307 32.56
308 32.62
309 32.68
310 32.75
311 32.75
312 32.81
313 32.87
314 32.93
315 32.93
316 33
317 33
318 33.06
319 33.06
320 33.06
321 33.12
322 33.12
323 33.18
324 33.18
325 33.25
326 33.25
327 33.31
328 33.37
329 33.37
330 33.43
331 33.43
332 33.43
333 33.43
334 33.5
335 33.5
336 33.56
337 33.56
338 33.62
339 33.62
340 33.62
341 33.68
342 33.68
343 33.68
344 33.75
345 33.75
346 33.75
347 33.75
348 33.75
349 33.68
350 33.68
351 33.62
352 33.62
353 33.62
354 33.62
355 33.62
356 33.62
357 33.62
358 33.62
359 33.62
360 33.62
361 33.56
362 33.56
363 33.5
364 33.5
365 33.5
366 33.43
367 33.43
368 33.37
369 33.31
370 33.31
371 33.31
372 33.31
373 33.31
374 33.25
375 33.25
376 33.25
377 33.25
378 33.18
379 33.18
380 33.18
381 33.18
382 33.12
383 33.12
384 33.06
385 33.06
386 33.06
387 33.06
388 33.06
389 33.06
390 33
391 33
392 33
393 33
394 33
395 33
396 32.93
397 32.93
398 32.93
399 32.87
400 32.81
401 32.81
402 32.75
403 32.75
404 32.68
405 32.68
406 32.75
407 32.75
408 32.75
409 32.75
410 32.75
411 32.81
412 32.81
413 32.81
414 32.87
415 32.87
416 32.93
417 32.93
418 32.93
419 33
420 33
421 33
422 33.06
423 33.12
424 33.18
425 33.25
426 33.31
427 33.31
428 33.37
429 33.43
430 33.5
431 33.5
432 33.56
433 33.62
434 33.68
435 33.75
436 33.81
437 33.87
438 33.93
439 33.93
440 34.06
441 34.06
442 34.12
443 34.12
444 34.18
445 34.25
446 34.25
447 34.31
448 34.31
449 34.37
450 34.43
451 34.5
452 34.5
453 34.56
454 34.56
455 34.62
456 34.62
457 34.68
458 34.68
459 34.75
460 34.75
461 34.81
462 34.87
463 34.93
464 35
465 35
466 35
467 35.06
468 35.06
469 35.06
470 35.06
471 35.06
472 35.06
473 35.06
474 35.06
475 35.06
476 35.06
477 35.12
478 35.06
479 35.06
480 35.06
481 35.06
482 35.06
483 35.06
484 35.06
485 35
486 35
487 35
488 35
489 35
490 35
491 35
492 35
493 35
494 34.93
495 34.93
496 34.87
497 34.87
498 34.87
499 34.81
500 34.81
501 34.81
502 34.75
503 34.75
504 34.81
505 34.75
506 34.75
507 34.68
508 34.75
509 34.68
510 34.68
511 34.68
512 34.68
513 34.62
514 34.62
515 34.62
516 34.56
517 34.56
518 34.5
519 34.5
520 34.43
521 34.43
522 34.43
523 34.37
524 34.37
525 34.37
526 34.37
527 34.31
528 34.31
529 34.37
530 34.31
531 34.37
532 34.37
533 34.37
534 34.37
535 34.37
536 34.37
537 34.37
538 34.37
539 34.37
540 34.37
541 34.37
542 34.37
543 34.37
544 34.37
545 34.37
546 34.37
547 34.37
548 34.37
549 34.37
550 34.31
551 34.37
552 34.31
553 34.31
554 34.31
555 34.31
556 34.31
557 34.31
558 34.31
559 34.25
560 34.25
561 34.25
562 34.31
563 34.31
564 34.37
565 34.37
566 34.37
567 34.37
568 34.43
569 34.43
570 34.43
571 34.43
572 34.43
573 34.43
574 34.43
575 34.43
576 34.43
577 34.43
578 34.5
579 34.43
580 34.43
581 34.43
582 34.43
583 34.5
584 34.5
585 34.5
586 34.5
587 34.5
588 34.5
589 34.5
590 34.5
591 34.56
592 34.56
593 34.56
594 34.56
595 34.56
596 34.56
597 34.56
598 34.62
599 34.62
600 34.56
