1 37
2 37
3 37
4 37
5 37
6 37
7 37
8 37
9 37
10 37
11 37
12 37
13 37
14 37
15 37
16 37
17 37
18 37
19 37
20 37
21 37
22 37
23 37
24 37
25 37
26 37
27 37
28 37
29 37
30 37
31 37
32 37
33 37
34 37
35 37
36 37
37 37
38 37
39 37
40 37
41 37
42 37
43 37
44 37
45 37
46 37
47 37
48 37
49 37
50 37
51 37
52 37
53 37
54 37
55 37
56 37
57 37
58 37
59 37
60 37
61 37
62 37
63 37
64 37
65 37
66 37
67 37
68 37
69 37
70 37
71 37
72 37
73 37
74 37
75 37
76 37
77 37
78 37
79 37
80 37
81 37
82 37
83 37
84 37
85 37
86 37
87 37
88 37
89 37
90 37
91 37
92 37
93 37
94 37
95 37
96 37
97 37
98 37
99 37
100 37
101 37
102 37
103 37
104 37
105 37
106 37
107 37
108 37
109 37
110 37
111 37
112 37
113 37
114 37
115 37
116 37
117 37
118 37
119 37
120 37
121 37
122 37
123 37
124 37
125 37
126 37
127 37
128 37
129 37
130 37
131 37
132 37
133 37
134 37
135 37
136 37
137 37
138 37
139 37
140 37
141 37
142 37
143 37
144 37
145 37
146 37
147 37
148 37
149 37
150 37
151 37
152 37
153 37
154 37
155 37
156 37
157 37
158 37
159 37
160 37
161 37
162 37
163 37
164 37
165 37
166 37
167 37
168 37
169 37
170 37
171 37
172 37
173 37
174 37
175 37
176 37
177 37
178 37
179 37
180 37
181 37
182 37
183 37
184 37
185 37
186 37
187 37
188 37
189 37
190 37
191 37
192 37
193 37
194 37
195 37
196 37
197 37
198 37
199 37
200 37
201 37
202 37
203 37
204 37
205 37
206 37
207 37
208 37
209 37
210 37
211 37
212 37
213 37
214 37
215 37
216 37
217 37
218 37
219 37
220 37
221 37
222 37
223 37
224 37
225 37
226 37
227 37
228 37
229 37
230 37
231 37
232 37
233 37
234 37
235 37
236 37
237 37
238 37
239 37
240 37
241 37
242 37
243 37
244 37
245 37
246 37
247 37
248 37
249 37
250 37
251 37
252 37
253 37
254 37
255 37
256 37
257 37
258 37
259 37
260 37
261 37
262 37
263 37
264 37
265 37
266 37
267 37
268 37
269 37
270 37
271 37
272 37
273 37
274 37
275 37
276 37
277 37
278 37
279 37
280 37
281 37
282 37
283 37
284 37
285 37
286 37
287 37
288 37
289 37
290 37
291 37
292 37
293 37
294 37
295 37
296 37
297 37
298 37
299 37
300 33
301 33
302 33
303 33
304 33
305 33
306 33
307 33
308 33
309 33
310 33
311 33
312 33
313 33
314 33
315 33
316 33
317 33
318 33
319 33
320 33
321 33
322 33
323 33
324 33
325 33
326 33
327 33
328 33
329 33
330 33
331 33
332 33
333 33
334 33
335 33
336 33
337 33
338 33
339 33
340 33
341 33
342 33
343 33
344 33
345 33
346 33
347 33
348 33
349 33
350 33
351 33
352 33
353 33
354 33
355 33
356 33
357 33
358 33
359 33
360 33
361 33
362 33
363 33
364 33
365 33
366 33
367 33
368 33
369 33
370 33
371 33
372 33
373 33
374 33
375 33
376 33
377 33
378 33
379 33
380 33
381 33
382 33
383 33
384 33
385 33
386 33
387 33
388 33
389 33
390 33
391 33
392 33
393 33
394 33
395 33
396 33
397 33
398 33
399 33
400 33
401 33
402 33
403 33
404 33
405 33
406 33
407 33
408 33
409 33
410 33
411 33
412 33
413 33
414 33
415 33
416 33
417 33
418 33
419 33
420 33
421 33
422 33
423 33
424 33
425 33
426 33
427 33
428 33
429 33
430 33
431 33
432 33
433 33
434 33
435 33
436 33
437 33
438 33
439 33
440 33
441 33
442 33
443 33
444 33
445 33
446 33
447 33
448 33
449 33
450 33
451 33
452 33
453 33
454 33
455 33
456 33
457 33
458 33
459 33
460 33
461 33
462 33
463 33
464 33
465 33
466 33
467 33
468 33
469 33
470 33
471 33
472 33
473 33
474 33
475 33
476 33
477 33
478 33
479 33
480 33
481 33
482 33
483 33
484 33
485 33
486 33
487 33
488 33
489 33
490 33
491 33
492 33
493 33
494 33
495 33
496 33
497 33
498 33
499 33
500 33
501 33
502 33
503 33
504 33
505 33
506 33
507 33
508 33
509 33
510 33
511 33
512 33
513 33
514 33
515 33
516 33
517 33
518 33
519 33
520 33
521 33
522 33
523 33
524 33
525 33
526 33
527 33
528 33
529 33
530 33
531 33
532 33
533 33
534 33
535 33
536 33
537 33
538 33
539 33
540 33
541 33
542 33
543 33
544 33
545 33
546 33
547 33
548 33
549 33
550 33
551 33
552 33
553 33
554 33
555 33
556 33
557 33
558 33
559 33
560 33
561 33
562 33
563 33
564 33
565 33
566 33
567 33
568 33
569 33
570 33
571 33
572 33
573 33
574 33
575 33
576 33
577 33
578 33
579 33
580 33
581 33
582 33
583 33
584 33
585 33
586 33
587 33
588 33
589 33
590 33
591 33
592 33
593 33
594 33
595 33
596 33
597 33
598 33
599 33
600 34.5
601 34.5
602 34.5
603 34.5
604 34.5
605 34.5
606 34.5
607 34.5
608 34.5
609 34.5
610 34.5
611 34.5
612 34.5
613 34.5
614 34.5
615 34.5
616 34.5
617 34.5
618 34.5
619 34.5
620 34.5
621 34.5
622 34.5
623 34.5
624 34.5
625 34.5
626 34.5
627 34.5
628 34.5
629 34.5
630 34.5
631 34.5
632 34.5
633 34.5
634 34.5
635 34.5
636 34.5
637 34.5
638 34.5
639 34.5
640 34.5
641 34.5
642 34.5
643 34.5
644 34.5
645 34.5
646 34.5
647 34.5
648 34.5
649 34.5
650 34.5
651 34.5
652 34.5
653 34.5
654 34.5
655 34.5
656 34.5
657 34.5
658 34.5
659 34.5
660 34.5
661 34.5
662 34.5
663 34.5
664 34.5
665 34.5
666 34.5
667 34.5
668 34.5
669 34.5
670 34.5
671 34.5
672 34.5
673 34.5
674 34.5
675 34.5
676 34.5
677 34.5
678 34.5
679 34.5
680 34.5
681 34.5
682 34.5
683 34.5
684 34.5
685 34.5
686 34.5
687 34.5
688 34.5
689 34.5
690 34.5
691 34.5
692 34.5
693 34.5
694 34.5
695 34.5
696 34.5
697 34.5
698 34.5
699 34.5
700 34.5
701 34.5
702 34.5
703 34.5
704 34.5
705 34.5
706 34.5
707 34.5
708 34.5
709 34.5
710 34.5
711 34.5
712 34.5
713 34.5
714 34.5
715 34.5
716 34.5
717 34.5
718 34.5
719 34.5
720 34.5
721 34.5
722 34.5
723 34.5
724 34.5
725 34.5
726 34.5
727 34.5
728 34.5
729 34.5
730 34.5
731 34.5
732 34.5
733 34.5
734 34.5
735 34.5
736 34.5
737 34.5
738 34.5
739 34.5
740 34.5
741 34.5
742 34.5
743 34.5
744 34.5
745 34.5
746 34.5
747 34.5
748 34.5
749 34.5
750 34.5
751 34.5
752 34.5
753 34.5
754 34.5
755 34.5
756 34.5
757 34.5
758 34.5
759 34.5
760 34.5
761 34.5
762 34.5
763 34.5
764 34.5
765 34.5
766 34.5
767 34.5
768 34.5
769 34.5
770 34.5
771 34.5
772 34.5
773 34.5
774 34.5
775 34.5
776 34.5
777 34.5
778 34.5
779 34.5
780 34.5
781 34.5
782 34.5
783 34.5
784 34.5
785 34.5
786 34.5
787 34.5
788 34.5
789 34.5
790 34.5
791 34.5
792 34.5
793 34.5
794 34.5
795 34.5
796 34.5
797 34.5
798 34.5
799 34.5
800 34.5
801 34.5
802 34.5
803 34.5
804 34.5
805 34.5
806 34.5
807 34.5
808 34.5
809 34.5
810 34.5
811 34.5
812 34.5
813 34.5
814 34.5
815 34.5
816 34.5
817 34.5
818 34.5
819 34.5
820 34.5
821 34.5
822 34.5
823 34.5
824 34.5
825 34.5
826 34.5
827 34.5
828 34.5
829 34.5
830 34.5
831 34.5
832 34.5
833 34.5
834 34.5
835 34.5
836 34.5
837 34.5
838 34.5
839 34.5
840 34.5
841 34.5
842 34.5
843 34.5
844 34.5
845 34.5
846 34.5
847 34.5
848 34.5
849 34.5
850 34.5
851 34.5
852 34.5
853 34.5
854 34.5
855 34.5
856 34.5
857 34.5
858 34.5
859 34.5
860 34.5
861 34.5
862 34.5
863 34.5
864 34.5
865 34.5
866 34.5
867 34.5
868 34.5
869 34.5
870 34.5
871 34.5
872 34.5
873 34.5
874 34.5
875 34.5
876 34.5
877 34.5
878 34.5
879 34.5
880 34.5
881 34.5
882 34.5
883 34.5
884 34.5
885 34.5
886 34.5
887 34.5
888 34.5
889 34.5
890 34.5
891 34.5
892 34.5
893 34.5
894 34.5
895 34.5
896 34.5
897 34.5
898 34.5
899 34.5
900 34.5
