1 29
2 29
3 29
4 29
5 29
6 29
7 29
8 29
9 29
10 29
11 29
12 29
13 29
14 29
15 29
16 29
17 29
18 29
19 29
20 29
21 29
22 29
23 29
24 29
25 29
26 29
27 29
28 29
29 29
30 29
31 29
32 29
33 29
34 29
35 29
36 29
37 29
38 29
39 29
40 29
41 29
42 29
43 29
44 29
45 29
46 29
47 29
48 29
49 29
50 29
51 29
52 29
53 29
54 29
55 29
56 29
57 29
58 29
59 29
60 29
61 29
62 29
63 29
64 29
65 29
66 29
67 29
68 29
69 29
70 29
71 29
72 29
73 29
74 29
75 29
76 29
77 29
78 29
79 29
80 29
81 29
82 29
83 29
84 29
85 29
86 29
87 29
88 29
89 29
90 29
91 29
92 29
93 29
94 29
95 29
96 29
97 29
98 29
99 29
100 29
101 29
102 29
103 29
104 29
105 29
106 29
107 29
108 29
109 29
110 29
111 29
112 29
113 29
114 29
115 29
116 29
117 29
118 29
119 29
120 29
121 29
122 29
123 29
124 29
125 29
126 29
127 29
128 29
129 29
130 29
131 29
132 29
133 29
134 29
135 29
136 29
137 29
138 29
139 29
140 29
141 29
142 29
143 29
144 29
145 29
146 29
147 29
148 29
149 29
150 29
151 29
152 29
153 29
154 29
155 29
156 29
157 29
158 29
159 29
160 29
161 29
162 29
163 29
164 29
165 29
166 29
167 29
168 29
169 29
170 29
171 29
172 29
173 29
174 29
175 29
176 29
177 29
178 29
179 29
180 29
181 29
182 29
183 29
184 29
185 29
186 29
187 29
188 29
189 29
190 29
191 29
192 29
193 29
194 29
195 29
196 29
197 29
198 29
199 29
200 29
201 29
202 29
203 29
204 29
205 29
206 29
207 29
208 29
209 29
210 29
211 29
212 29
213 29
214 29
215 29
216 29
217 29
218 29
219 29
220 29
221 29
222 29
223 29
224 29
225 29
226 29
227 29
228 29
229 29
230 29
231 29
232 29
233 29
234 29
235 29
236 29
237 29
238 29
239 29
240 29
241 29
242 29
243 29
244 29
245 29
246 29
247 29
248 29
249 29
250 29
251 29
252 29
253 29
254 29
255 29
256 29
257 29
258 29
259 29
260 29
261 29
262 29
263 29
264 29
265 29
266 29
267 29
268 29
269 29
270 29
271 29
272 29
273 29
274 29
275 29
276 29
277 29
278 29
279 29
280 29
281 29
282 29
283 29
284 29
285 29
286 29
287 29
288 29
289 29
290 29
291 29
292 29
293 29
294 29
295 29
296 29
297 29
298 29
299 29
300 29
301 29
302 29
303 29
304 29
305 29
306 29
307 29
308 29
309 29
310 29
311 29
312 29
313 29
314 29
315 29
316 29
317 29
318 29
319 29
320 29
321 29
322 29
323 29
324 29
325 29
326 29
327 29
328 29
329 29
330 29
331 29
332 29
333 29
334 29
335 29
336 29
337 29
338 29
339 29
340 29
341 29
342 29
343 29
344 29
345 29
346 29
347 29
348 29
349 29
350 29
351 29
352 29
353 29
354 29
355 29
356 29
357 29
358 29
359 29
360 29
361 29
362 29
363 29
364 29
365 29
366 29
367 29
368 29
369 29
370 29
371 29
372 29
373 29
374 29
375 29
376 29
377 29
378 29
379 29
380 29
381 29.3835681505083
382 29.7609632847479
383 30.1322134532648
384 30.4973476746378
385 30.8563980456707
386 31.2154221312556
387 31.5683331385791
388 31.91516812982
389 32.2560228098697
390 32.5909340810147
391 32.9199406096661
392 33.2431404959045
393 33.56063067597
394 33.8724498786761
395 34.1787039992406
396 34.4794877724595
397 34.7748966122527
398 35.0649668739577
399 35.3497933266781
400 35.6234573464848
401 35.8921750451037
402 36.1560400942045
403 36.415143621278
404 36.669585948796
405 36.9195149154652
406 37.1650180968902
407 37.4061921517028
408 37.6431801532503
409 37.8761325201371
410 38.1051293721793
411 38.3303063112496
412 38.5517475417692
413 38.7625576482853
414 38.9699498133407
415 39.1740608975345
416 39.3689918441718
417 39.5609972424892
418 39.7501394591233
419 39.9365468057776
420 40.1143110047704
421 40.2896087950964
422 40.4565375647949
423 40.6213276040651
424 40.7770053421838
425 40.9308161818144
426 41.0828705956542
427 41.2271818782716
428 41.3639415691586
429 41.4993742583152
430 41.6275438096417
431 41.7476393409155
432 41.8668835837699
433 41.9853678218123
434 42.0970862138427
435 42.2082446375045
436 42.318855601348
437 42.422968099915
438 42.5267803381793
439 42.6243310713623
440 42.7147284877287
441 42.8051750262594
442 42.8956699610115
443 42.9802556551474
444 43.0650518537098
445 43.1501213145324
446 43.2294920632256
447 43.3032532421341
448 43.3775835132913
449 43.452471868691
450 43.5209462851782
451 43.5841088259546
452 43.6480645426363
453 43.706779372766
454 43.7664224751259
455 43.8209493780906
456 43.8764648010703
457 43.925930731955
458 43.9764633044359
459 44.0220207519992
460 44.0687064115882
461 44.1105402979086
462 44.1536200242865
463 44.1919648501611
464 44.2246421285193
465 44.2587667329634
466 44.2882906005155
467 44.3193760608848
468 44.3460334788828
469 44.3683357680785
470 44.3924317074718
471 44.4112005412816
472 44.4257957331353
473 44.4362796534399
474 44.4487400617761
475 44.457115691953
476 44.4604743419626
477 44.4659239267513
478 44.467399720483
479 44.4709878019228
480 44.4766603174947
481 44.4783553532602
482 44.4821544037817
483 44.4819980971147
484 44.4839777228677
485 44.481023990726
486 44.4802411718502
487 44.4756289595878
488 44.4671862952808
489 44.4609917233128
490 44.4509857969581
491 44.4432441559968
492 44.4377386409524
493 44.4273959003619
494 44.4193179502913
495 44.4134581033917
496 44.403690109425
497 44.3961030380866
498 44.3905969394538
499 44.3811041254639
500 44.3736461011601
501 44.3681819643352
502 44.3646120133986
503 44.3628990652106
504 44.3569867791878
505 44.3528362753642
506 44.3504280484497
507 44.3426379961688
508 44.3304952961451
509 44.3140683135957
510 44.2994473620964
511 44.2865409301648
512 44.275265658698
513 44.2595659881735
514 44.2455521256701
515 44.2331959921096
516 44.2224736174287
517 44.2133003930389
518 44.2056600869703
519 44.1994703263977
520 44.1945943105615
521 44.1910204051629
522 44.1816474602811
523 44.1736118070466
524 44.1669051431411
525 44.1554317132242
526 44.1452411597894
527 44.1302476074741
528 44.1165050902747
529 44.1040115034628
530 44.0867386839578
531 44.0707495103185
532 44.0560506503424
533 44.0355508055052
534 44.0163940547062
535 43.9985214848331
536 43.9758540792511
537 43.9544579675654
538 43.9282544193677
539 43.9033168958429
540 43.8736268170465
541 43.8452496301909
542 43.8181890831968
543 43.7853625006777
544 43.7539278773623
545 43.7178618033585
546 43.68323259386
547 43.6500496870769
548 43.6122323434923
549 43.5759067561741
550 43.5350587878418
551 43.4957566023388
552 43.4579430000962
553 43.414591157668
554 43.3727908104514
555 43.3325461791954
556 43.2938572375797
557 43.250637777881
558 43.2090241822336
559 43.1689575469
560 43.1303813792757
561 43.0932968084547
562 43.0576481252523
563 43.0234363646479
564 42.9906030106784
565 42.9590923334533
566 42.9288550175155
567 42.9058652363021
568 42.8839541255602
569 42.8630695557735
570 42.8431712213377
571 42.824213227203
572 42.8061438783282
573 42.788978055666
574 42.7726706642628
575 42.7512193715947
576 42.7307039817201
577 42.7110770579979
578 42.6923042928292
579 42.674343677219
580 42.6571574926053
581 42.6407081940434
582 42.6249579105229
583 42.6099361349726
584 42.5955475514726
585 42.5816960798064
586 42.5743804223713
587 42.5614245377763
588 42.5549511240124
589 42.5428531535311
590 42.5312834471502
591 42.5202128041881
592 42.503590802029
593 42.4935356528506
594 42.4838986076135
595 42.4746533085173
596 42.4597506488992
597 42.4453497697923
598 42.4253404997723
599 42.4118457003301
600 42.3926972626733
601 42.3800192596694
602 42.3677288891864
603 42.3558028605734
604 42.3442767643855
605 42.3391519555504
606 42.3403064804721
607 42.3415989731244
608 42.3430062136871
609 42.3445105846186
610 42.3461560514192
611 42.3479243380679
612 42.356881463823
613 42.3588928515413
614 42.3550544644216
615 42.3515269914625
616 42.3482851198858
617 42.3453834499372
618 42.3428555483211
619 42.3466986148391
620 42.3508313755927
621 42.3552854826646
622 42.3670577538588
623 42.3719588080189
624 42.3771070676174
625 42.3824177248807
626 42.3818513492056
627 42.3815680705973
628 42.3815492274946
629 42.375817519272
630 42.3704720043241
631 42.3654940766138
632 42.3609165072185
633 42.3567223776812
634 42.358858838247
635 42.3611898258268
636 42.3697139555827
637 42.3782250539632
638 42.3867112624915
639 42.3951481775606
640 42.4035306036171
641 42.4188671070741
642 42.4339471526273
643 42.4487677987425
644 42.4633206480459
645 42.4776540803716
646 42.4917073869405
647 42.4984456924442
648 42.5050058910056
649 42.5113813452669
650 42.517515113684
651 42.5233465545353
652 42.5227833749371
653 42.5219533724899
654 42.5208646663765
655 42.5254871713802
656 42.5296983169433
657 42.5335133852489
658 42.5369345690078
659 42.5339977222253
660 42.1292572068514
661 41.7248552017844
662 41.3269366601456
663 40.9354718305209
664 40.5504321748394
665 40.1717757135493
666 39.7994783371068
667 39.433438835932
668 39.073560033893
669 38.7198753698538
670 38.3723413722239
671 38.0308513661485
672 37.6953713230827
673 37.3658509306551
674 37.0361034171899
675 36.7121516207055
676 36.3938914394347
677 36.0813465574445
678 35.7744077918819
679 35.4729644261119
680 35.1769081317172
681 34.8922346793755
682 34.6126482656232
683 34.3380445138437
684 34.0682705274207
685 33.8031727967582
686 33.5426493452208
687 33.2864897310649
688 33.0345377397299
689 32.7866530571079
690 32.5427000877742
691 32.3086674494307
692 32.0783071903335
693 31.8515440473939
694 31.6282329689262
695 31.4142651315881
696 31.2033812246609
697 30.9955133108156
698 30.7904685870653
699 30.5881300838944
700 30.3954710465118
701 30.2052183232883
702 30.0171884180396
703 29.8373513133854
704 29.6594746586598
705 29.483447930622
706 29.3092324470734
707 29.1426945829995
708 28.9776691446671
709 28.8140578768134
710 28.6577830592717
711 28.5096742142441
712 28.3625482113696
713 28.21645189433
714 28.0712927532422
715 27.9330763268502
716 27.7956025002288
717 27.6588446613702
718 27.5287528872734
719 27.3991811364511
720 27.2701175082534
721 27.1475813694777
722 27.0253754554273
723 26.9105911964273
724 26.7960066837117
725 26.6875806274588
726 26.5852782462913
727 26.488921219561
728 26.3994234124616
729 26.3095723878658
730 26.2253948907882
731 26.1468565848522
732 26.0678332276602
733 25.9942863798882
734 25.9200452093101
735 25.8521491828171
736 25.7834513442187
737 25.7199981105283
738 25.6616955577585
739 25.6024361828022
740 25.5481823808475
741 25.4998585433777
742 25.4562962711647
743 25.4174126646668
744 25.3771031691496
745 25.3414089083515
746 25.3041559987898
747 25.2723308381084
748 25.2388050891982
749 25.2095702731332
750 25.1846162898464
751 25.1577717476329
752 25.1350970863308
753 25.1175260804252
754 25.1039788313496
755 25.0943742274218
756 25.0826180722137
757 25.0747721924165
758 25.0647398816112
759 25.0595681687811
760 25.0581758306171
761 25.0604969457001
762 25.0604447567916
763 25.0580424451902
764 25.0593477534573
765 25.0582852519482
766 25.0618374716236
767 25.0629668680538
768 25.0617209876314
769 25.0641661900238
770 25.0702467014247
771 25.0738713748199
772 25.0811026278095
773 25.085863850055
774 25.0952286979308
775 25.1021650271373
776 25.1067097598213
777 25.1149940513869
778 25.1209468576145
779 25.130693699394
780 25.1381661434463
781 25.149490449659
782 25.1585838974329
783 25.1725193958392
784 25.1843192436773
785 25.2000392973472
786 25.2136497099874
787 25.2252500027923
788 25.240896244368
789 25.2545006753828
790 25.2661562157089
791 25.281984494619
792 25.302926594711
793 25.3218640492711
794 25.3388326157483
795 25.3538617173799
796 25.3730637623848
797 25.3903523760255
798 25.4118379821503
799 25.4315546904384
800 25.4555447603446
801 25.477770725363
802 25.4982463243567
803 25.5240099165814
804 25.5540338356519
805 25.5822646896569
806 25.6148063565282
807 25.6456137083414
808 25.6746928296874
809 25.7080842606011
810 25.7397372553281
811 25.7696533526361
812 25.7978977776539
813 25.831513932358
814 25.8634334011395
815 25.8997471633548
816 25.9343993830888
817 25.9674566233268
818 25.998977770039
819 26.0289667547356
820 26.0635087541391
821 26.0964766893173
822 26.1279358936837
823 26.1638937328976
824 26.1982374974977
825 26.2310228943327
826 26.2622547238855
827 26.2919918617733
828 26.320244084235
829 26.3470013772738
830 26.3723315856267
831 26.3963010934302
832 26.4189053624676
833 26.4402114398849
834 26.460222761139
835 26.4789316310548
836 26.4964000083828
837 26.5196451766032
838 26.5415761166611
839 26.562258577341
840 26.5816878954674
841 26.5999288144352
842 26.6230029854381
843 26.6448548393501
844 26.665540633791
845 26.6790895196687
846 26.6977001989772
847 26.7153006656486
848 26.7319468749439
849 26.753699983445
850 26.7744891633389
851 26.794362583505
852 26.8072796596467
853 26.8254257394728
854 26.8426476874472
855 26.8589854194441
856 26.8744847059502
857 26.889184821255
858 26.9031286343313
859 26.916348954088
860 26.9288773916235
861 26.9407558877148
862 26.9579682247399
863 26.9684690621063
864 26.9844995473227
865 26.9999743820454
866 27.0149116448327
867 27.0293340427686
868 27.0431893978053
869 27.0564400830231
870 27.0691187672996
871 27.0882765550574
872 27.1067940938348
873 27.1246993791413
874 27.1420179200099
875 27.1587641908734
876 27.1809256119737
877 27.2024608793171
878 27.2233959961286
879 27.2437507244601
880 27.2635471339115
881 27.2827344782787
882 27.3013460130963
883 27.3193432379198
884 27.3307296195885
885 27.3476782012441
886 27.3640916218564
887 27.3799984748339
888 27.3954139128023
889 27.4102978863962
890 27.4246704490095
891 27.438501813554
892 27.451755382443
893 27.4704786232838
894 27.4824927661347
895 27.4999716172565
896 27.5167487654859
897 27.5328006920679
898 27.5481530269346
899 27.5627749773551
900 27.5766453215417
901 27.5898043414734
902 27.6022847821049
903 27.6141241941666
904 27.6254189452677
905 27.6301626472584
906 27.6344523529953
907 27.6383059967527
908 27.641677544608
909 27.6445985481194
910 27.6470937026732
911 27.6491238916724
912 27.6446980200155
913 27.6400277903399
914 27.6351309139483
915 27.6300415842395
916 27.6248494611646
917 27.6195819863763
918 27.614261252139
919 27.6089094975151
920 27.6035402248124
921 27.5982333037279
922 27.5930047386538
923 27.5878641484219
924 27.5827604146868
925 27.5777598819083
926 27.5728687483974
927 27.5680925134303
928 27.5694590532993
929 27.5648974146818
930 27.5605920043673
931 27.5626423614247
932 27.5649280759719
933 27.5674534060062
934 27.5702785480347
935 27.5734049097979
936 27.5768288084427
937 27.5805427170197
938 27.5784547898131
939 27.5826311031144
940 27.586886062108
941 27.591157662014
942 27.595445299836
943 27.5937300599319
944 27.5981620856985
945 27.5965915667513
946 27.5952092639284
947 27.5940165325601
948 27.5989717372827
949 27.6039646041828
950 27.6029635047287
951 27.6020441447935
952 27.6012056336001
953 27.6005084100688
954 27.599950353121
955 27.6055648691644
956 27.6051374576754
957 27.6108166013411
958 27.6164863985778
959 27.6161212896499
960 27.7663966052777
961 27.9203656308295
962 28.0659000786733
963 28.2091371513243
964 28.35015209661
965 28.488954151573
966 28.625624107982
967 28.7601779285568
968 28.8927087511529
969 29.0232342549878
970 29.1516958363935
971 29.2781288628735
972 29.4085985707622
973 29.5369987129813
974 29.6633623414753
975 29.787731595376
976 29.9101434773443
977 30.0246406530264
978 30.1373827067863
979 30.2484055807235
980 30.3577423266454
981 30.4654916780234
982 30.5777161918325
983 30.6883226900295
984 30.7973622629285
985 30.9048552715859
986 31.0108912377928
987 31.1154551912095
988 31.2185935676982
989 31.3143038249289
990 31.408757681984
991 31.4948873013516
992 31.5798087576591
993 31.6635485098851
994 31.746143245344
995 31.8276406864062
996 31.9080228749708
997 31.9873067384408
998 32.0655374175824
999 32.1366732997508
1000 32.2068575522296
1001 32.2761350691138
1002 32.350498858779
1003 32.4238450288287
1004 32.4962150104454
1005 32.5675986802782
1006 32.6320003959973
1007 32.6955761097023
1008 32.7583724461518
1009 32.8204274668454
1010 32.8817197505087
1011 32.9422883944344
1012 32.9961510620164
1013 33.0495065930423
1014 33.0963711446725
1015 33.1489034269146
1016 33.2010035545953
1017 33.2466919138344
1018 33.2921188987337
1019 33.3372964346015
1020 33.382255733964
1021 33.4270063255228
1022 33.4645577880132
1023 33.5020591306169
1024 33.5395349901179
1025 33.5709881313864
1026 33.608563828317
1027 33.6461661176669
1028 33.6777791135451
1029 33.7095489061208
1030 33.7414830663323
1031 33.7735843950891
1032 33.8058486730568
1033 33.8383037066706
1034 33.870950554673
1035 33.903785267982
1036 33.9368120749632
1037 33.9640076211936
1038 33.9975193871936
1039 34.025199978672
1040 34.0531942304872
1041 34.0814958389248
1042 34.1101282251266
1043 34.1330650519518
1044 34.1564194153243
1045 34.1731587644742
1046 34.1904475108608
1047 34.2082935228965
1048 34.2206622228107
1049 34.2336915788591
1050 34.2473530422279
1051 34.2616621849195
1052 34.2766138522039
1053 34.2861659204209
1054 34.2964330867325
1055 34.3074076084234
1056 34.3190705010769
1057 34.3253893129309
1058 34.3324717029555
1059 34.3403065628217
1060 34.3488902564197
1061 34.3511755359932
1062 34.354298841449
1063 34.3582437167661
1064 34.3569718804882
1065 34.3565930449782
1066 34.3571166756292
1067 34.3524836057557
1068 34.3487992364566
1069 34.3400287588197
1070 34.3322831002164
1071 34.325549896728
1072 34.3198086991752
1073 34.3150469620051
1074 34.3112475856701
1075 34.3013345513588
1076 34.2924335283336
1077 34.2784890427085
1078 34.2716191082719
1079 34.2596399629938
1080 34.2486575631165
1081 34.2386276509948
1082 34.2295398923234
1083 34.2213870506988
1084 34.2141079907795
1085 34.2076918078436
1086 34.202100334389
1087 34.1972960318553
1088 34.1872486092471
1089 34.1780638044321
1090 34.1697065297698
1091 34.1621382886214
1092 34.1553506074913
1093 34.1493294484022
1094 34.1380407903665
1095 34.1275950041873
1096 34.1179553655513
1097 34.1091121448541
1098 34.1010334608496
1099 34.0936553285618
1100 34.086974148133
1101 34.0739393726304
1102 34.0616824109072
1103 34.0501959918666
1104 34.0394488997023
1105 34.029408919036
1106 34.0200465017951
1107 34.0113259055161
1108 34.0032497595408
1109 33.9897773897274
1110 33.9770056658867
1111 33.9649316998621
1112 33.9535242340319
1113 33.9427773509916
1114 33.9326660559059
1115 33.9231646520871
1116 33.914259693633
1117 33.9059185374816
1118 33.898113737631
1119 33.8908475697469
1120 33.8840913586027
1121 33.8718147365421
1122 33.8601207157309
1123 33.8490081332009
1124 33.8384760752001
1125 33.8224751275383
1126 33.8071182467797
1127 33.7923866307557
1128 33.7782731418658
1129 33.7647833431489
1130 33.7518953806833
1131 33.7395833335401
1132 33.7278434137592
1133 33.7166551027481
1134 33.6989867081847
1135 33.6819831742638
1136 33.6656177757736
1137 33.6498929730804
1138 33.6347956441105
1139 33.6202910568729
1140 33.6063821446449
1141 33.5930431696601
1142 33.5742493211789
1143 33.5561001381999
1144 33.538571878823
1145 33.5216408211652
1146 33.5052866332517
1147 33.4894949474946
1148 33.4742374313854
1149 33.4534804274892
1150 33.4393434326322
1151 33.4256876112457
1152 33.4125166911443
1153 33.399812356768
1154 33.3875808945943
1155 33.3697811614044
1156 33.3525192365988
1157 33.3357691237388
1158 33.3195137300889
1159 33.3037314082763
1160 33.2884108444918
1161 33.2735298002761
1162 33.2651243570426
1163 33.2570301929966
1164 33.2492140835094
1165 33.2416619161404
1166 33.2343575195517
1167 33.2272930865252
1168 33.2204800656611
1169 33.2139332479037
1170 33.2076346034141
1171 33.2015741379298
1172 33.1957349607225
1173 33.1901080250856
1174 33.1846846878724
1175 33.1794456478251
1176 33.1744079928111
1177 33.169535262455
1178 33.1648213960155
1179 33.1602519613452
1180 33.1558203491572
1181 33.1515363280573
1182 33.1534189593857
1183 33.1553476991228
1184 33.1573228718679
1185 33.159328743471
1186 33.1613526207254
1187 33.1704173330149
1188 33.1793701507584
1189 33.1882314388328
1190 33.1899599984729
1191 33.1987396803437
1192 33.2074463646801
1193 33.209038397758
1194 33.2106721509698
1195 33.2123520121821
1196 33.2140917635533
1197 33.2159012809348
1198 33.2117521016542
1199 33.2077765692886
1200 33.2039868611715
1201 33.2003748718198
1202 33.1969238895787
1203 33.1936436603927
1204 33.1844731627421
1205 33.1815495842863
1206 33.1727476084462
1207 33.1641802253013
1208 33.1558665052619
1209 33.1477987341676
1210 33.1399729728552
1211 33.1324048309928
1212 33.125089631449
1213 33.117998501778
1214 33.1111162813121
1215 33.1044436208309
1216 33.0979481929475
1217 33.0916163417683
1218 33.0854506629136
1219 33.079447519427
1220 33.0735971599881
1221 33.0678772680609
1222 33.06227270998
1223 33.0567787441056
1224 33.0514175242125
1225 33.0461532226607
1226 33.0409806797095
1227 33.0359008190695
1228 33.0309001621544
1229 33.0259514061239
1230 33.0210242605842
1231 33.0160900866551
1232 33.0171754893
1233 33.018160547728
1234 33.0190177352379
1235 33.0197467693675
1236 33.0203483994573
1237 33.0208144118533
1238 33.0211628373705
1239 33.0214209986785
1240 33.0216102788581
1241 33.0217430199249
1242 33.0218200149872
1243 33.0218304209993
1244 33.0217746687146
1245 33.0216482884561
1246 33.0214283485195
1247 33.0211145886333
1248 33.0267531640295
1249 33.0262024742911
1250 33.0255805242874
1251 33.024912516531
1252 33.0241960372891
1253 33.0234061829103
1254 33.0225364261419
1255 33.0276123025506
1256 33.0325352857616
1257 33.0372995717315
1258 33.0489339579611
1259 33.0532700831362
1260 33.0574837239309
