1 29
2 29
3 29
4 29
5 29
6 29
7 29
8 29
9 29
10 29
11 29
12 29
13 29
14 29
15 29
16 29
17 29
18 29
19 29
20 29
21 29
22 29
23 29
24 29
25 29
26 29
27 29
28 29
29 29
30 29
31 29
32 29
33 29
34 29
35 29
36 29
37 29
38 29
39 29
40 29
41 29
42 29
43 29
44 29
45 29
46 29
47 29
48 29
49 29
50 29
51 29
52 29
53 29
54 29
55 29
56 29
57 29
58 29
59 29
60 29
61 29
62 29
63 29
64 29
65 29
66 29
67 29
68 29
69 29
70 29
71 29
72 29
73 29
74 29
75 29
76 29
77 29
78 29
79 29
80 29
81 29
82 29
83 29
84 29
85 29
86 29
87 29
88 29
89 29
90 29
91 29
92 29
93 29
94 29
95 29
96 29
97 29
98 29
99 29
100 29
101 29
102 29
103 29
104 29
105 29
106 29
107 29
108 29
109 29
110 29
111 29
112 29
113 29
114 29
115 29
116 29
117 29
118 29
119 29
120 29
121 29
122 29
123 29
124 29
125 29
126 29
127 29
128 29
129 29
130 29
131 29
132 29
133 29
134 29
135 29
136 29
137 29
138 29
139 29
140 29
141 29
142 29
143 29
144 29
145 29
146 29
147 29
148 29
149 29
150 29
151 29
152 29
153 29
154 29
155 29
156 29
157 29
158 29
159 29
160 29
161 29
162 29
163 29
164 29
165 29
166 29
167 29
168 29
169 29
170 29
171 29
172 29
173 29
174 29
175 29
176 29
177 29
178 29
179 29
180 29
181 29
182 29
183 29
184 29
185 29
186 29
187 29
188 29
189 29
190 29
191 29
192 29
193 29
194 29
195 29
196 29
197 29
198 29
199 29
200 29
201 29
202 29
203 29
204 29
205 29
206 29
207 29
208 29
209 29
210 29
211 29
212 29
213 29
214 29
215 29
216 29
217 29
218 29
219 29
220 29
221 29
222 29
223 29
224 29
225 29
226 29
227 29
228 29
229 29
230 29
231 29
232 29
233 29
234 29
235 29
236 29
237 29
238 29
239 29
240 29
241 29
242 29
243 29
244 29
245 29
246 29
247 29
248 29
249 29
250 29
251 29
252 29
253 29
254 29
255 29
256 29
257 29
258 29
259 29
260 29
261 29
262 29
263 29
264 29
265 29
266 29
267 29
268 29
269 29
270 29
271 29
272 29
273 29
274 29
275 29
276 29
277 29
278 29
279 29
280 29
281 29
282 29
283 29
284 29
285 29
286 29
287 29
288 29
289 29
290 29
291 29
292 29
293 29
294 29
295 29
296 29
297 29
298 29
299 29
300 29
301 29
302 29
303 29
304 29
305 29
306 29
307 29
308 29
309 29
310 29
311 29
312 29
313 29
314 29
315 29
316 29
317 29
318 29
319 29
320 29
321 29
322 29
323 29
324 29
325 29
326 29
327 29
328 29
329 29
330 29
331 29
332 29
333 29
334 29
335 29
336 29
337 29
338 29
339 29
340 29
341 29
342 29
343 29
344 29
345 29
346 29
347 29
348 29
349 29
350 29
351 29
352 29
353 29
354 29
355 29
356 29
357 29
358 29
359 29
360 29
361 29
362 29
363 29
364 29
365 29
366 29
367 29
368 29
369 29
370 29
371 29
372 29
373 29
374 29
375 29
376 29
377 29
378 29
379 29
380 29
381 55.5276228351507
382 76.1029579320374
383 91.4932683727222
384 100
385 100
386 100
387 100
388 100
389 100
390 100
391 98.9038381060918
392 96.875776435507
393 94.285709983649
394 90.5868386312426
395 86.8764877477159
396 82.7357493014043
397 78.3275808544705
398 74.1623328409097
399 69.2502692459444
400 64.4901044034738
401 59.3783711109407
402 54.272266069956
403 49.6663607064919
404 45.1508268295763
405 40.4920043417074
406 36.37269701195
407 32.6265306451471
408 29.562853796541
409 27.2084243222207
410 24.6993732891524
411 22.8992426871421
412 21.3462780772741
413 19.6954849848999
414 18.2679644099901
415 17.3019274466935
416 16.7467604991541
417 16.7054251587503
418 16.6258449862827
419 16.6757240707462
420 17.2695949712626
421 18.022573771956
422 19.0803675932857
423 20.3558992444998
424 21.4095161667378
425 22.4907089400483
426 23.5892600711733
427 24.3249693558482
428 25.4217397666486
429 26.8332978677972
430 27.8731464238198
431 29.3823790883857
432 31.1668953960574
433 33.1098867829522
434 34.7222059163979
435 36.7365950494496
436 38.0839789123058
437 39.0078124989135
438 39.8046125293785
439 41.0838257989491
440 41.9674319075862
441 43.0723539123414
442 43.4374529976838
443 43.9721262238079
444 43.9051069813941
445 44.2204290274157
446 44.375609615994
447 44.1654196913876
448 44.4119121615001
449 44.1514939179365
450 44.2837439214493
451 43.9961750064674
452 43.171465444668
453 42.4307493672448
454 41.542549013336
455 40.5072279548383
456 39.9502180861954
457 39.1342519183762
458 37.994585118415
459 36.6494989171869
460 35.2041223628173
461 34.1150790543014
462 33.2851894482891
463 32.426140231587
464 32.0171436872325
465 31.7888411069599
466 31.6350622246639
467 31.8767606480573
468 32.7477221445722
469 34.065155476768
470 35.936858996565
471 37.5914191870837
472 39.3313646729465
473 41.0351085208869
474 42.5363973619671
475 43.8758718885211
476 45.0029656276302
477 46.5922014222488
478 47.2343657234724
479 47.7043417465321
480 48.7167844296618
481 48.8355167460267
482 48.8539647099923
483 48.7541124447721
484 49.2789582332104
485 49.6163552967566
486 50.3039607924742
487 51.0910719214338
488 51.456676628338
489 51.5177117965841
490 51.2693124869329
491 50.2200462033989
492 49.2954548927743
493 48.4794295698831
494 47.7389371154095
495 47.6889206426884
496 47.2574859540049
497 46.1709112908536
498 44.8510424358287
499 42.8790629634712
500 40.3391173365682
501 38.0854329305291
502 35.3870055186639
503 33.1242004894335
504 30.976261478863
505 28.7668455054183
506 26.8898443965826
507 24.4430942143554
508 21.6221621891644
509 19.4998608494099
510 17.6161191598951
511 15.8474195335515
512 14.6813335665513
513 14.149164158728
514 14.3809220400146
515 15.4220292863598
516 17.1528520458917
517 19.0559334978849
518 21.1957859771146
519 23.1856627222814
520 23.8753014858918
521 24.5033137924461
522 25.5477952669872
523 26.6851892681138
524 28.6701857701596
525 30.4975230232804
526 31.9463302270747
527 33.3722254268126
528 34.6302481378939
529 35.5158521503379
530 37.0223897414832
531 38.7286629024057
532 40.2600226617672
533 41.2990429918798
534 42.128467808308
535 43.077867085141
536 43.9442706209267
537 44.1683126459424
538 44.3799766153703
539 43.9544636458304
540 43.9466262647101
541 44.2155206842462
542 44.5158848896861
543 44.69172707441
544 45.5735683057485
545 46.6068573603961
546 48.1047954138377
547 49.4052363449496
548 50.2056336626143
549 51.4079041185213
550 52.5949870076815
551 54.12252654829
552 55.1535195853379
553 55.8950199739092
554 56.1967283870484
555 56.9174203735044
556 57.5747934027888
557 57.9809593067147
558 58.365799365219
559 57.9088104284803
560 57.1330091712889
561 55.8056340776183
562 54.3851988695675
563 52.6574821239484
564 51.1056452795123
565 48.8522280084296
566 46.7146338650096
567 44.502752021674
568 41.7813375410541
569 39.2013889085447
570 36.2401795243136
571 33.5419377519567
572 30.5868191798133
573 27.7790441421594
574 25.6852756780072
575 24.0678288769655
576 22.6874938839633
577 21.837410214752
578 21.3464233615608
579 20.5053831818063
580 19.9595906404178
581 19.1103411466193
582 18.709169624215
583 18.569477747187
584 18.1478395400567
585 17.0840293977533
586 16.1280078779784
587 14.5899836012751
588 13.4701028425382
589 13.2182823498975
590 13.423074672306
591 14.8798357569437
592 16.6479472918125
593 17.7773406992971
594 18.8425751406724
595 20.357412224872
596 21.7232607961101
597 23.9882932866601
598 26.5233760201885
599 29.1803996683743
600 31.3339403180273
601 32.9769803176853
602 35.8177119553193
603 38.3164166321969
604 41.3008152085361
605 44.4907626724387
606 47.5487684623358
607 50.4202627637557
608 52.7842783491034
609 54.7506529745938
610 56.2161323087526
611 57.6900632243316
612 58.8523131237745
613 60.5830030700183
614 62.3621574763252
615 63.7877855319021
616 65.2041161740478
617 66.26457339372
618 67.2381732109863
619 68.3419306405255
620 68.6024092495393
621 69.2721949579629
622 69.4836783241682
623 69.1185236768509
624 68.0681162501874
625 66.0209181204202
626 62.6953807686958
627 59.4787841651194
628 55.8450459391047
629 53.0001207899474
630 50.6460394362432
631 48.5267126709068
632 46.3237234999357
633 44.4725952999398
634 41.7881706976079
635 38.656972826711
636 35.2419449519061
637 31.4147090064522
638 27.5694145341475
639 23.8804759596102
640 20.5716961402089
641 17.1720184200751
642 14.5195946940376
643 12.1305497943668
644 10.1486615851496
645 8.95893405638952
646 8.13953841835948
647 7.83143407336631
648 7.91081488340605
649 8.31987123395691
650 9.20380228273759
651 9.54779883652636
652 9.80761837297054
653 10.2322005412206
654 11.0841088750044
655 11.600734241591
656 13.127563426062
657 14.9857680087791
658 17.7355518866733
659 20.9453519708997
660 0
661 0
662 0
663 0
664 0
665 0
666 0
667 0
668 0
669 0
670 0
671 0
672 0
673 0
674 0
675 0
676 0
677 0
678 0
679 0
680 0
681 0
682 0
683 0
684 0
685 0
686 0
687 0
688 0
689 0
690 0
691 0
692 0
693 0
694 0
695 0.506305162328935
696 1.1373005133046
697 2.91405542908083
698 4.86812430321276
699 7.17293352859393
700 9.577348870258
701 12.3004736127859
702 15.0880293795567
703 18.2596326862781
704 21.1138332911684
705 23.7205827235289
706 27.1381512342441
707 30.64743147751
708 34.5408963858439
709 38.2774140983055
710 42.2529701337254
711 46.5705984058781
712 50.6422847977849
713 55.5961218889304
714 60.1427531028489
715 64.2999303426139
716 67.5591241699962
717 70.1723685035568
718 72.3055035417398
719 74.0398667067033
720 75.4449036212861
721 75.9984654456609
722 75.9401421798588
723 75.4752719487559
724 74.1712073646754
725 72.1669473564104
726 70.1464060595284
727 67.0136593882753
728 63.6769358817603
729 59.6878139971775
730 54.8418614468522
731 49.8077886881223
732 44.5522986899585
733 38.806050828591
734 32.6547414101144
735 26.3081580209921
736 19.1946554660135
737 12.3833281252873
738 5.44593720579891
739 0
740 0
741 0
742 0
743 0
744 0
745 0
746 0
747 0
748 0
749 0
750 0
751 0
752 0
753 0
754 0
755 0
756 0
757 0
758 0
759 0
760 0
761 0
762 0
763 0
764 0
765 0
766 1.08168486219656
767 3.43992308211184
768 6.92506917643509
769 11.089323307612
770 15.67340859451
771 20.298250271428
772 24.8812521657983
773 29.3272237747221
774 33.3899636852602
775 37.3392347538046
776 40.7236834262104
777 43.9399839117162
778 47.0496224874661
779 49.1921316846885
780 51.3296843702271
781 52.4979637537166
782 53.2073630953268
783 53.3510085220455
784 53.7321790083466
785 53.6098356462908
786 53.2001058627384
787 51.9560625273719
788 50.2299023466345
789 48.1256384675735
790 46.2407023065437
791 44.0076419500841
792 41.3154943860814
793 38.2558497484809
794 34.3829592967525
795 30.5617553803115
796 27.2413891469477
797 24.1628909428895
798 21.1537442747203
799 19.1377300656353
800 16.8292923297433
801 15.1100666809106
802 13.0033685633352
803 11.185861978945
804 9.4839547593137
805 8.6407594714064
806 8.01338299734141
807 8.20879912884397
808 8.1979602744262
809 8.03821133677897
810 8.56987675207321
811 8.69478137666445
812 9.50616531120044
813 10.1215545340639
814 11.3656022435458
815 12.5101890867359
816 13.9367233189445
817 15.4870686416933
818 17.0270525328565
819 18.232089268246
820 19.4511809112934
821 19.7225247070063
822 20.2019874326447
823 20.4619197170993
824 20.5860463040555
825 20.9426307690005
826 21.8913335491079
827 23.0195948899696
828 23.9875849953189
829 25.330705128057
830 26.5724310519998
831 28.4029567914043
832 29.6957430566633
833 30.6911918260964
834 31.8051518019367
835 32.7910141164401
836 33.3024887646722
837 33.1304377394546
838 33.2830325017986
839 33.0607860700765
840 32.3279162555694
841 32.0189274551019
842 31.2264734580921
843 30.9099209979393
844 29.6721902550477
845 28.9711933774341
846 28.2134447327584
847 27.1919666791379
848 26.0224117390666
849 24.7349608996328
850 22.8188384201692
851 21.7379996681042
852 20.3607106938157
853 19.2326860132184
854 18.0851395172111
855 17.3636059921179
856 17.0190541604
857 16.9455551651669
858 16.4457450798889
859 16.1979575851713
860 16.1095137819308
861 16.1811348093751
862 16.0352532222414
863 16.3326273231092
864 16.4553602197291
865 16.6413211948042
866 16.8995007470991
867 17.1916895075503
868 17.1407649684629
869 16.9914186591624
870 17.0475950534896
871 17.2732408274468
872 18.2967034900664
873 19.4367490536069
874 20.750598641669
875 22.175656319379
876 23.3577742292175
877 25.0532273871156
878 26.8477020892112
879 29.3852250720154
880 31.9142612055415
881 34.1380124265821
882 36.4131781395587
883 38.4187652450928
884 40.2541269242028
885 41.924063220658
886 43.3746695857077
887 44.6816273845099
888 46.3616671519288
889 47.3662473450567
890 48.1159637970522
891 48.3371653295245
892 48.505750623204
893 48.4220294646883
894 47.7557359435423
895 46.8287684711987
896 45.3264223549167
897 43.1792815626589
898 40.7868678137688
899 37.2797592281002
900 33.4361052801146
901 29.6188559590011
902 25.3624460140376
903 21.3929681319743
904 17.359378622939
905 13.2155119597873
906 9.22079320858903
907 5.19152393308598
908 1.43110326275222
909 0
910 0
911 0
912 0
913 0
914 0
915 0
916 0
917 0
918 0
919 0
920 0
921 0
922 0
923 0
924 0
925 0
926 0
927 0
928 0
929 0
930 0.0758026465694073
931 1.75113053157688
932 4.56263847518727
933 7.71716594965736
934 12.1378882505887
935 17.1825923507175
936 22.1769292321767
937 28.299225422681
938 34.2298383036061
939 39.8955627450128
940 45.2821024155491
941 50.4074641670177
942 55.5263173926865
943 60.437829406736
944 64.9949547536903
945 69.31404956271
946 72.9759243234876
947 76.353227519719
948 79.132477637748
949 81.1342691828526
950 82.8490097824023
951 83.8598921613204
952 83.9288947841631
953 83.3231365405365
954 82.4106513875521
955 80.5618776606345
956 77.0059014093313
957 72.8358776166326
958 67.5887293322247
959 62.225422179975
960 69.5249283495217
961 74.0130078055852
962 75.6771718176317
963 75.0096121983831
964 72.1835354930503
965 67.2616728785618
966 61.6469295839658
967 54.650610767714
968 47.0830664701708
969 39.0207217913378
970 30.7125222899064
971 22.4315924037708
972 14.3301065633901
973 6.58725855133684
974 0
975 0
976 0
977 0
978 0
979 0
980 0
981 0
982 0
983 0
984 0
985 0
986 0
987 0
988 0
989 0
990 0
991 0.122216692107518
992 1.69940755392598
993 4.45735085729908
994 8.20433754145814
995 12.6554515766693
996 17.1519516728595
997 21.661657021249
998 26.1809851838865
999 30.9720313656719
1000 35.7989097135825
1001 39.9487574799882
1002 43.6452126517685
1003 46.9847447751857
1004 49.5671955865162
1005 51.67359409029
1006 53.9277200300556
1007 55.251575180726
1008 56.2781232915882
1009 57.0247432173047
1010 56.9591697923734
1011 55.8330109024863
1012 54.2533124698272
1013 52.4212614985853
1014 49.5590387767855
1015 46.3202898043019
1016 42.2257424516374
1017 37.6589763871983
1018 32.863631008721
1019 27.9986541155472
1020 24.0204167549691
1021 20.154819073722
1022 16.0852368636875
1023 12.4985906840955
1024 10.017761052309
1025 7.49972333193162
1026 5.45950916444659
1027 3.90986719627
1028 2.19360144761911
1029 1.0999299501147
1030 0.452234793250078
1031 0.245251372460864
1032 0
1033 0.190838033964212
1034 0.746466014177511
1035 1.72416410768845
1036 3.07605858711069
1037 4.80101420768745
1038 6.82350387938105
1039 9.16505245127109
1040 12.0339726515838
1041 15.7494372825756
1042 19.8099629964398
1043 24.0565438487511
1044 28.999342528349
1045 33.7538186109668
1046 38.9263612077076
1047 44.0170156724448
1048 49.4408130934828
1049 55.109502412118
1050 60.7249177604114
1051 65.7292187765048
1052 70.5099649613842
1053 74.8931831729185
1054 78.7749247277606
1055 81.5580202461948
1056 83.9177620691542
1057 85.7799371274158
1058 86.4769518190169
1059 86.1367503596005
1060 85.3453055110584
1061 83.4785817554931
1062 81.3679272981385
1063 77.9704866731811
1064 74.1369248568843
1065 69.9339894257802
1066 65.0220050716381
1067 59.9087795864911
1068 54.1243443355514
1069 47.7276427020006
1070 40.9329218278202
1071 34.0228269307836
1072 27.2116443953809
1073 19.8819853048892
1074 12.9515110673577
1075 5.65339390806342
1076 0
1077 0
1078 0
1079 0
1080 0
1081 0
1082 0
1083 0
1084 0
1085 0
1086 0
1087 0
1088 0
1089 0
1090 0
1091 0
1092 0
1093 0
1094 0
1095 0
1096 0
1097 0
1098 0
1099 0
1100 0
1101 0.796733610071367
1102 3.06503437031581
1103 7.35244603162589
1104 12.0176236374477
1105 17.8627545956064
1106 24.132031806578
1107 30.446802221333
1108 36.880553307104
1109 43.4884209316507
1110 50.0517587790806
1111 56.5605803300092
1112 62.7592387779623
1113 69.1384131130898
1114 74.574848886107
1115 79.0284983061475
1116 82.3508600449384
1117 84.7154772041162
1118 86.0704336190705
1119 87.1435665117695
1120 87.1413963643474
1121 85.6396433217993
1122 83.3281390167602
1123 80.4308206264866
1124 76.6198498012975
1125 72.5480763879268
1126 67.9424484700735
1127 62.3050027057994
1128 56.5743287968753
1129 50.482824404331
1130 43.9748329924938
1131 37.5938254136032
1132 30.8157790905277
1133 23.7920773384811
1134 16.4273775156813
1135 9.46788104033227
1136 3.00514624206848
1137 0
1138 0
1139 0
1140 0
1141 0
1142 0
1143 0
1144 0
1145 0
1146 0
1147 0
1148 0
1149 0
1150 0
1151 0
1152 0
1153 0
1154 0
1155 0
1156 0
1157 0
1158 0
1159 1.03986870055765
1160 3.58077592207262
1161 6.77153741246739
1162 11.0943255703831
1163 15.5380226702461
1164 20.2731482339497
1165 25.2356315084011
1166 30.266625909278
1167 35.849474480889
1168 41.6385116630209
1169 48.1307790132897
1170 54.4355889421307
1171 60.9626832724062
1172 66.7925247902783
1173 73.0874452393297
1174 78.3110545867079
1175 82.4026176473075
1176 85.672539115933
1177 87.8079520554575
1178 88.6192032232521
1179 88.055766309198
1180 86.2883945929209
1181 82.9319727087902
1182 78.3932460801994
1183 73.7747153604053
1184 68.4940383671116
1185 62.7339808681596
1186 56.6154911459427
1187 50.3155755251294
1188 44.0796745652488
1189 38.2648220589454
1190 32.9095314764604
1191 28.1749879662603
1192 23.5028251201963
1193 18.7777968752402
1194 13.7684106971909
1195 9.17146543380698
1196 4.38161214716636
1197 0.358965215189848
1198 0
1199 0
1200 0
1201 0
1202 0
1203 0
1204 0
1205 0
1206 0
1207 0
1208 0
1209 0
1210 0
1211 0
1212 0
1213 0.5283679692267
1214 2.62879978365809
1215 5.98852108842364
1216 9.99014945622688
1217 14.5703349337741
1218 20.1787859300988
1219 25.9036508685003
1220 32.1295336602864
1221 37.9650208671094
1222 44.4375449603546
1223 50.2882067992121
1224 56.2791359758493
1225 62.0949169209606
1226 68.2472851080452
1227 73.2224069990004
1228 77.6701342113615
1229 80.7112453793178
1230 82.786722914749
1231 83.6354567934807
1232 83.3984272204693
1233 81.7189319193852
1234 79.3154245187138
1235 75.5536359008575
1236 70.6713405234613
1237 65.4231247490316
1238 59.5713093009315
1239 53.4954995261429
1240 47.4803225775272
1241 41.1306323133951
1242 35.1517477578971
1243 28.7786895165527
1244 22.0027457752404
1245 15.4839646606785
1246 8.53097427303481
1247 1.32573754354883
1248 0
1249 0
1250 0
1251 0
1252 0
1253 0
1254 0
1255 0
1256 0
1257 0
1258 0
1259 0
1260 0
