1 29
2 29
3 29
4 29
5 29
6 29
7 29
8 29
9 29
10 29
11 29
12 29
13 29
14 29
15 29
16 29
17 29
18 29
19 29
20 29
21 29
22 29
23 29
24 29
25 29
26 29
27 29
28 29
29 29
30 29
31 50.075214
32 50.0683625
33 51.0046055
34 51.3469875
35 51.6992125
36 52.0514374999999
37 52.4036624999999
38 52.7558874999999
39 53.1081124999999
40 53.4603374999999
41 53.8125624999999
42 54.1647874999999
43 54.5170124999999
44 54.8692374999999
45 55.2214624999999
46 55.5736874999999
47 55.3322444999999
48 55.6846624999999
49 56.0272374999999
50 56.3698124999999
51 56.1187194999999
52 56.4614874999999
53 56.1017998333332
54 55.8412819999999
55 55.5694736666666
56 55.8816833333332
57 55.5903819999999
58 55.2003289999999
59 55.4932708333332
60 55.1810611666665
61 54.8690444999999
62 54.5473778333332
63 54.1171164999998
64 53.7761819999998
65 53.4239569999999
66 53.0620819999998
67 51.9979443333331
68 51.6169944999998
69 51.2149111666665
70 50.7042331666665
71 50.2828819999998
72 49.8502403333332
73 49.4079486666665
74 48.2633943333331
75 47.8020278333332
76 47.3195278333331
77 46.7284331666665
78 46.2266653333331
79 45.7136069999998
80 45.1908986666665
81 44.5595956666665
82 43.4239514999998
83 43.4645458333332
84 42.8917861666665
85 42.2202748333331
86 41.6380903333331
87 41.0446153333332
88 40.4414903333331
89 39.7297706666665
90 39.7010458333331
91 39.0671694999998
92 38.4334861666665
93 37.7901528333331
94 37.7308374999998
95 36.9690664999998
96 36.3064653333331
97 36.2262416666665
98 36.1361749999998
99 35.4524403333332
100 35.3625666666665
101 34.6691819999998
102 34.5696583333332
103 34.4602916666665
104 33.6583123333332
105 33.5491708333332
106 33.4285458333332
107 32.7142528333331
108 32.5938208333331
109 32.4635458333331
110 32.3332708333331
111 32.2029958333331
112 31.4790528333332
113 31.3489708333332
114 31.2090458333332
115 31.0691208333332
116 30.9291958333332
117 30.7892708333332
118 30.6493458333332
119 29.9157528333332
120 30.3696888333332
121 30.2199208333332
122 30.0799958333332
123 29.9400708333332
124 29.8001458333332
125 30.2538888333332
126 30.1137708333332
127 29.9834958333332
128 30.4468888333332
129 30.3164208333332
130 30.1957958333332
131 30.7677834999999
132 30.6469333333332
133 30.5375666666665
134 31.0218679999999
135 30.9123083333332
136 31.4062596666665
137 31.9000179999999
138 31.8097583333332
139 32.4219543333332
140 32.3413124999999
141 32.8658221666666
142 33.3901388333332
143 33.3304374999999
144 33.8742471666665
145 33.8241958333332
146 33.7839874999999
147 34.4363918333332
148 34.3959583333332
149 34.3670083333332
150 34.9317263333332
151 34.9025833333332
152 35.4769513333332
153 35.4574583333332
154 35.4478083333332
155 36.0318263333332
156 36.0219833333332
157 36.0219833333332
158 36.7145959999999
159 36.7143708333332
160 36.7256291666666
161 37.3305554999999
162 37.3416208333332
163 37.9561971666665
164 37.9769124999999
165 38.6011388333332
166 38.6315041666665
167 39.3643251666665
168 39.4043083333332
169 39.4557749999999
170 39.5072416666665
171 39.5587083333332
172 39.6101749999999
173 39.6616416666665
174 40.3067763333332
175 40.3580499999999
176 40.4191666666666
177 41.0739513333332
178 41.1348749999999
179 41.2056416666665
180 41.2764083333332
181 41.3471749999999
182 41.4179416666665
183 41.4887083333332
184 42.1531429999999
185 42.2237166666665
186 42.3041333333332
187 42.3845499999999
188 42.4649666666665
189 41.9517153333332
190 42.0323249999998
191 42.1030916666665
192 42.1738583333332
193 42.2446249999998
194 41.7217236666665
195 41.7926833333332
196 41.8537999999999
197 41.9149166666665
198 41.9760333333332
199 42.0371499999999
200 1.92673199999985
201 2.00090833333319
202 1.40904166666653
203 0.124562333333202
204 0
205 0
206 0
207 0
208 0
209 0
210 0
211 0
212 0
213 0
214 0
215 0
216 0.0894876666666775
217 0
218 0.0018013333333613
219 0.00340966666664855
220 0
221 0.0211013333333554
222 0.140954333333369
223 0.171480500000072
224 0.213297166666699
225 0.264763833333397
226 0.424825166666743
227 1.08922766666672
228 1.17105966666675
229 1.37132933333343
230 1.48227216666679
231 2.1981735000001
232 2.42880850000011
233 3.17362766666676
234 3.33587633333345
235 4.21023066666681
236 4.99506516666679
237 5.30611683333347
238 6.13135266666678
239 7.06663066666681
240 7.92223183333345
241 8.89771816666682
242 9.79352766666679
243 10.8092223333335
244 11.7452401666668
245 12.1085305000002
246 13.1839265000002
247 13.5761346666668
248 14.6820890000002
249 15.6985235000001
250 16.1422305000002
251 17.2980431666669
252 18.3643360000002
253 18.9568460000002
254 20.0635401666668
255 21.2802765000002
256 21.8236680000002
257 22.9818610000002
258 23.6547876666668
259 24.8418985000001
260 25.4464388333335
261 26.1694168333335
262 27.3967360000001
263 28.0414846666668
264 28.8046710000002
265 29.4785305000002
266 30.1636805000001
267 31.5510931666668
268 31.6616500000002
269 32.3872013333335
270 33.1125596666668
271 33.2539000000001
272 33.9987513333335
273 34.8423543333335
274 35.0029625000002
275 35.7687221666668
276 35.9406208333335
277 36.1223625000001
278 36.8977721666668
279 37.0793208333335
280 37.2707125000002
281 37.4621041666668
282 37.6534958333335
283 37.8448875000001
284 38.0362791666668
285 38.2276708333335
286 38.4190625000001
287 38.6104541666668
288 38.8018458333335
289 38.3995695000001
290 38.5911541666668
291 38.1792278333335
292 38.3611625000001
293 38.5332541666668
294 38.0127331666668
295 38.1850500000001
296 37.7522153333334
297 37.3195736666668
298 36.8772820000001
299 37.0190083333334
300 36.4582790000001
301 35.9967195000001
302 36.1175375000001
303 35.6348445000001
304 35.1523445000001
305 34.5612498333334
306 34.6531500000001
307 34.1398986666667
308 33.6268403333334
309 33.1041320000001
310 32.4728290000001
311 32.5245208333334
312 31.9710611666667
313 31.4177945000001
314 30.8548778333334
315 30.8759791666668
316 30.1946248333334
317 30.2061083333334
318 29.6124403333334
319 29.6126333333334
320 29.6029833333334
321 28.9996653333334
322 28.9902083333334
323 28.3772403333334
324 28.3581333333334
325 27.6365706666668
326 27.6078458333334
327 26.9739695000001
328 26.3402861666668
329 26.2906208333334
330 25.6374445000001
331 25.5781291666668
332 25.5089708333334
333 25.4398125000001
334 24.6780415000001
335 24.6091083333334
336 23.9350236666667
337 23.8548000000001
338 23.1710653333335
339 23.0811916666668
340 22.9814750000001
341 22.2880903333334
342 22.1885666666668
343 22.0792000000001
344 21.2772206666668
345 21.1680791666668
346 21.0474541666668
347 20.9268291666668
348 20.8062041666668
349 21.3781918333335
350 21.2573416666668
351 21.7416430000001
352 21.6320833333335
353 21.5323666666668
354 21.4326500000002
355 21.3329333333335
356 21.2332166666668
357 21.1335000000002
358 21.0337833333335
359 20.9340666666668
360 20.8343500000002
361 21.3283013333334
362 21.2283916666668
363 21.7319930000001
364 21.6417333333335
365 21.5613166666668
366 22.1735126666668
367 22.0928708333335
368 22.6173805000002
369 23.1416971666668
370 23.0819958333335
371 23.0321375000001
372 22.9822791666668
373 22.9324208333335
374 23.4762305000001
375 23.4261791666668
376 23.3859708333335
377 23.3457625000002
378 23.9981668333335
379 23.9577333333335
380 23.9287833333335
381 23.8998333333335
382 24.4645513333335
383 24.4354083333335
384 25.0097763333335
385 24.9902833333335
386 24.9806333333335
387 24.9709833333335
388 24.9613333333335
389 24.9516833333335
390 25.5357013333335
391 25.5258583333335
392 25.5258583333335
393 25.5258583333335
394 25.5258583333335
395 25.5258583333335
396 26.2184710000002
397 26.2182458333335
398 26.2295041666668
399 26.8344305000002
400 42.2808638333335
401 42.2967541666668
402 43.1622305000001
403 43.4338458333335
404 44.4079168333335
405 44.6891500000001
406 44.2892540000001
407 44.5821958333335
408 44.8636541666668
409 45.1451125000001
410 45.4265708333334
411 45.1143611666668
412 45.3960125000001
413 45.6678208333334
414 45.3459611666668
415 45.6179625000001
416 45.2864528333334
417 45.5488041666667
418 45.8013125000001
419 45.3612081666667
420 45.6139416666667
421 45.8551916666667
422 45.5027736666667
423 45.1505486666667
424 44.7886736666667
425 44.318204
426 43.9370611666667
427 44.1382958333334
428 43.7360195000001
429 43.3339361666667
430 42.8232581666667
431 42.995575
432 42.5627403333333
433 42.1300986666667
434 41.687807
435 41.1369206666667
436 40.6753611666667
437 40.2025111666667
438 39.7200111666667
439 39.8215291666667
440 38.6269235
441 38.7190166666667
442 38.1961153333334
443 38.267075
444 37.7345236666667
445 37.1032206666667
446 37.1549125
447 36.6014528333333
448 36.6418541666667
449 36.0787445
450 35.5158278333333
451 34.8443165
452 34.8558
453 34.262132
454 34.262325
455 33.659007
456 33.64955
457 33.036582
458 33.017475
459 32.2959123333333
460 32.2671875
461 31.6333111666667
462 30.9996278333334
463 30.3562945
464 29.6043665
465 29.5354333333333
466 29.4550166666667
467 28.780932
468 28.7007083333333
469 28.6106416666667
470 28.520575
471 28.4305083333333
472 28.3404416666667
473 28.250375
474 28.1603083333333
475 28.0702416666667
476 27.980175
477 27.2964403333334
478 27.8002346666667
479 27.700325
480 27.6102583333333
481 27.5201916666667
482 27.430125
483 27.3400583333333
484 27.2499916666667
485 27.753593
486 27.6633333333334
487 27.5829166666667
488 27.5025
489 27.4220833333334
490 27.3416666666667
491 27.26125
492 27.1808333333334
493 27.1004166666667
494 27.7126126666667
495 27.6319708333334
496 28.1564805000001
497 28.0871291666667
498 28.0276208333334
499 28.5617805
500 28.5020791666667
501 28.4522208333334
502 28.9960305
503 28.9459791666667
504 28.3121028333334
505 28.8657555
506 28.8157041666667
507 29.4681085000001
508 28.7350623333334
509 29.3989501666667
510 29.3585166666667
511 29.3295666666667
512 29.3006166666667
513 29.8653346666667
514 29.8361916666667
515 29.8168916666667
516 30.3912596666667
517 30.3717666666667
518 30.9557846666667
519 30.9459416666667
520 31.6385543333334
521 31.6383291666667
522 31.6495875000001
523 32.2545138333334
524 32.2655791666667
525 32.2864875000001
526 32.3073958333334
527 32.9219721666667
528 32.9426875
529 32.3795778333334
530 33.0039971666667
531 32.4310445000001
532 32.4617958333334
533 32.4827041666667
534 32.5036125000001
535 32.5245208333334
536 32.5454291666668
537 32.5663375000001
538 32.5872458333334
539 32.6081541666668
540 32.6290625000001
541 32.6499708333334
542 32.6708791666668
543 32.6917875000001
544 32.7126958333334
545 32.7336041666668
546 32.7545125000001
547 32.7754208333334
548 32.7963291666668
549 32.8172375000001
550 33.4318138333334
551 32.8588611666668
552 33.4832805
553 33.5039958333334
554 33.5345541666667
555 33.5651125
556 33.5956708333334
557 33.6262291666667
558 33.6567875
559 34.2810138333334
560 34.3113791666667
561 34.3515875000001
562 33.7981278333334
563 33.8385291666667
564 33.2754195000001
565 33.3061708333334
566 33.3270791666667
567 33.3479875000001
568 32.7752278333334
569 32.7963291666667
570 32.8075875000001
571 32.8188458333334
572 32.8301041666667
573 32.8413625000001
574 32.8526208333334
575 32.8638791666667
576 32.8751375000001
577 32.8863958333334
578 32.2050415000001
579 32.9091376666667
580 32.9089125000001
581 32.9201708333334
582 32.9314291666667
583 32.2500748333334
584 32.2615583333334
585 32.2615583333334
586 32.2615583333334
587 32.2615583333334
588 32.2615583333334
589 32.2615583333334
590 32.2615583333334
591 31.6678903333334
592 31.6680833333334
593 31.6584333333334
594 31.6487833333334
595 31.6391333333334
596 31.6294833333334
597 31.6198333333334
598 31.0165153333334
599 31.0070583333334
600 31.5814263333334
