1 34.06
2 34.06
3 34.06
4 34.06
5 34.06
6 34.06
7 34.06
8 34.06
9 34.06
10 34.06
11 34.06
12 34.06
13 34.06
14 34.06
15 34.06
16 34.06
17 34.06
18 34.06
19 34.06
20 34.06
21 34.06
22 34.06
23 34.06
24 34.06
25 34.06
26 34.06
27 34.06
28 34.06
29 34.06
30 34.06
31 34.06
32 34.06
33 34.06
34 34.06
35 34.06
36 34.06
37 34.06
38 34.06
39 34.06
40 34.06
41 34.06
42 34.06
43 34.06
44 34.06
45 34.06
46 34.06
47 34.06
48 34.06
49 34.06
50 34.06
51 34.06
52 34.06
53 34.06
54 34.06
55 34.06
56 34.06
57 34.06
58 34.06
59 34.06
60 34.06
61 34.06
62 34.06
63 34.06
64 34.06
65 34.06
66 34.06
67 34.06
68 34.06
69 34.06
70 34.06
71 34.06
72 34.06
73 34.06
74 34.06
75 34.06
76 34.06
77 34.06
78 34.06
79 34.06
80 34.06
81 34.06
82 34.06
83 34.06
84 34.06
85 34.06
86 34.06
87 34.06
88 34.06
89 34.06
90 34.06
91 34.06
92 34.06
93 34.06
94 34.06
95 34.06
96 34.06
97 34.06
98 34.06
99 34.06
100 34.06
101 34.06
102 34.06
103 34.06
104 34.06
105 34.06
106 34.06
107 34.06
108 34.06
109 34.06
110 34.06
111 34.06
112 34.06
113 34.06
114 34.06
115 34.06
116 34.06
117 34.06
118 34.06
119 34.06
120 34.06
121 34.06
122 34.06
123 34.06
124 34.06
125 34.06
126 34.06
127 34.06
128 34.06
129 34.06
130 34.06
131 34.06
132 34.06
133 34.06
134 34.06
135 34.06
136 34.06
137 34.06
138 34.06
139 34.06
140 34.06
141 34.06
142 34.06
143 34.06
144 34.06
145 34.06
146 34.06
147 34.06
148 34.06
149 34.06
150 34.06
151 34.06
152 34.06
153 34.06
154 34.06
155 34.06
156 34.06
157 34.06
158 34.06
159 34.06
160 34.06
161 34.06
162 34.06
163 34.06
164 34.06
165 34.06
166 34.06
167 34.06
168 34.06
169 34.06
170 34.06
171 34.06
172 34.06
173 34.06
174 34.06
175 34.06
176 34.06
177 34.06
178 34.06
179 34.06
180 34.06
181 34.06
182 34.06
183 34.06
184 34.06
185 34.06
186 34.06
187 34.06
188 34.06
189 34.06
190 34.06
191 34.06
192 34.06
193 34.06
194 34.06
195 34.06
196 34.06
197 34.06
198 34.06
199 34.06
200 34.06
201 34.06
202 34.06
203 34.06
204 34.06
205 34.06
206 34.06
207 34.06
208 34.06
209 34.06
210 34.06
211 34.06
212 34.06
213 34.06
214 34.06
215 34.06
216 34.06
217 34.06
218 34.06
219 34.06
220 34.06
221 34.06
222 34.06
223 34.06
224 34.06
225 34.06
226 34.06
227 34.06
228 34.06
229 34.06
230 34.06
231 34.06
232 34.06
233 34.06
234 34.06
235 34.06
236 34.06
237 34.06
238 34.06
239 34.06
240 34.06
241 34.06
242 34.06
243 34.06
244 34.06
245 34.06
246 34.06
247 34.06
248 34.06
249 34.06
250 34.06
251 34.06
252 34.06
253 34.06
254 34.06
255 34.06
256 34.06
257 34.06
258 34.06
259 34.06
260 34.06
261 34.06
262 34.06
263 34.06
264 34.06
265 34.06
266 34.06
267 34.06
268 34.06
269 34.06
270 34.06
271 34.06
272 34.06
273 34.06
274 34.06
275 34.06
276 34.06
277 34.06
278 34.06
279 34.06
280 34.06
281 34.06
282 34.06
283 34.06
284 34.06
285 34.06
286 34.06
287 34.06
288 34.06
289 34.06
290 34.06
291 34.06
292 34.06
293 34.06
294 34.06
295 34.06
296 34.06
297 34.06
298 34.06
299 34.06
300 34.06
301 34.06
302 34.06
303 34.06
304 34.06
305 34.06
306 34.06
307 34.06
308 34.06
309 34.06
310 34.06
311 34.06
312 34.06
313 34.06
314 34.06
315 34.06
316 34.06
317 34.06
318 34.06
319 34.06
320 34.06
321 34.06
322 34.06
323 34.06
324 34.06
325 34.06
326 34.06
327 34.06
328 34.06
329 34.06
330 34.06
331 34.06
332 34.06
333 34.06
334 34.06
335 34.06
336 34.06
337 34.06
338 34.06
339 34.06
340 34.06
341 34.06
342 34.06
343 34.06
344 34.06
345 34.06
346 34.06
347 34.06
348 34.06
349 34.06
350 34.06
351 34.06
352 34.06
353 34.06
354 34.06
355 34.06
356 34.06
357 34.06
358 34.06
359 34.06
360 34.06
361 34.06
362 34.06
363 34.06
364 34.06
365 34.06
366 34.06
367 34.06
368 34.06
369 34.06
370 34.06
371 34.06
372 34.06
373 34.06
374 34.06
375 34.06
376 34.06
377 34.06
378 34.06
379 34.06
380 34.06
381 34.06
382 34.06
383 34.06
384 34.06
385 34.06
386 34.06
387 34.06
388 34.06
389 34.06
390 34.06
391 34.06
392 34.06
393 34.06
394 34.12
395 34.12
396 34.18
397 34.25
398 34.25
399 34.37
400 34.43
401 34.56
402 34.68
403 34.75
404 34.87
405 35.06
406 35.18
407 35.31
408 35.43
409 35.56
410 35.75
411 35.87
412 36
413 36.18
414 36.31
415 36.43
416 36.56
417 36.68
418 36.81
419 36.93
420 37
421 37.06
422 37.12
423 37.18
424 37.25
425 37.31
426 37.37
427 37.43
428 37.43
429 37.43
430 37.5
431 37.5
432 37.5
433 37.5
434 37.5
435 37.43
436 37.43
437 37.43
438 37.43
439 37.37
440 37.37
441 37.31
442 37.31
443 37.25
444 37.25
445 37.18
446 37.18
447 37.18
448 37.12
449 37.12
450 37.06
451 37.06
452 37.06
453 37
454 37
455 37
456 36.93
457 36.93
458 36.93
459 36.93
460 36.93
461 36.93
462 36.93
463 37
464 37
465 37
466 37
467 37
468 37
469 37
470 37
471 37
472 37
473 37
474 37
475 37
476 37
477 36.93
478 37
479 37
480 36.93
481 37
482 37
483 37
484 36.93
485 36.93
486 36.87
487 36.87
488 36.87
489 36.87
490 36.87
491 36.93
492 36.93
493 36.93
494 36.93
495 36.87
496 36.87
497 36.93
498 36.93
499 37
500 37.06
501 37.06
502 37.12
503 37.12
504 37.18
505 37.18
506 37.18
507 37.25
508 37.31
509 37.31
510 37.37
511 37.43
512 37.43
513 37.43
514 37.43
515 37.43
516 37.43
517 37.43
518 37.43
519 37.43
520 37.5
521 37.5
522 37.43
523 37.43
524 37.37
525 37.37
526 37.37
527 37.31
528 37.25
529 37.25
530 37.18
531 37.12
532 37.12
533 37.12
534 37.12
535 37.06
536 37
537 37
538 36.93
539 36.93
540 36.87
541 36.81
542 36.81
543 36.81
544 36.75
545 36.75
546 36.68
547 36.68
548 36.68
549 36.62
550 36.62
551 36.56
552 36.56
553 36.56
554 36.56
555 36.5
556 36.5
557 36.5
558 36.5
559 36.56
560 36.56
561 36.62
562 36.62
563 36.68
564 36.68
565 36.75
566 36.75
567 36.75
568 36.81
569 36.81
570 36.87
571 36.87
572 36.93
573 37
574 37
575 37.06
576 37.12
577 37.12
578 37.12
579 37.18
580 37.18
581 37.25
582 37.25
583 37.31
584 37.37
585 37.43
586 37.43
587 37.5
588 37.5
589 37.5
590 37.56
591 37.5
592 37.5
593 37.56
594 37.56
595 37.5
596 37.5
597 37.43
598 37.37
599 37.31
600 37.31
601 37.31
602 37.18
603 37.18
604 37.12
605 37.06
606 37
607 36.93
608 36.87
609 36.81
610 36.81
611 36.75
612 36.75
613 36.68
614 36.62
615 36.62
616 36.56
617 36.56
618 36.56
619 36.5
620 36.56
621 36.5
622 36.5
623 36.5
624 36.5
625 36.5
626 36.56
627 36.56
628 36.62
629 36.62
630 36.62
631 36.62
632 36.68
633 36.68
634 36.75
635 36.81
636 36.87
637 36.93
638 37
639 37.06
640 37.12
641 37.25
642 37.25
643 37.31
644 37.37
645 37.43
646 37.5
647 37.56
648 37.62
649 37.68
650 37.68
651 37.75
652 37.75
653 37.75
654 37.75
655 37.81
656 37.75
657 37.75
658 37.68
659 37.68
660 37.68
661 37.62
662 37.56
663 37.56
664 37.5
665 37.5
666 37.43
667 37.37
668 37.31
669 37.18
670 37.12
671 37.06
672 37
673 36.87
674 36.75
675 36.68
676 36.56
677 36.5
678 36.37
679 36.25
680 36.18
681 36.06
682 36
683 35.87
684 35.75
685 35.62
686 35.5
687 35.43
688 35.31
689 35.25
690 35.12
691 35
692 34.93
693 34.81
694 34.75
695 34.62
696 34.56
697 34.43
698 34.31
699 34.18
700 34.12
701 34
702 33.87
703 33.75
704 33.68
705 33.62
706 33.5
707 33.37
708 33.25
709 33.18
710 33.06
711 32.93
712 32.87
713 32.75
714 32.68
715 32.62
716 32.56
717 32.5
718 32.43
719 32.37
720 32.31
721 32.31
722 32.25
723 32.25
724 32.25
725 32.25
726 32.25
727 32.31
728 32.31
729 32.31
730 32.37
731 32.43
732 32.5
733 32.56
734 32.62
735 32.68
736 32.81
737 32.87
738 33
739 33.06
740 33.18
741 33.25
742 33.37
743 33.43
744 33.56
745 33.62
746 33.75
747 33.81
748 33.87
749 33.93
750 34
751 34.06
752 34.12
753 34.18
754 34.18
755 34.25
756 34.25
757 34.25
758 34.25
759 34.25
760 34.25
761 34.25
762 34.25
763 34.18
764 34.18
765 34.12
766 34.06
767 34.06
768 34
769 33.93
770 33.87
771 33.81
772 33.75
773 33.68
774 33.62
775 33.56
776 33.5
777 33.43
778 33.31
779 33.31
780 33.18
781 33.18
782 33.12
783 33.06
784 33
785 32.93
786 32.87
787 32.87
788 32.81
789 32.75
790 32.68
791 32.68
792 32.68
793 32.68
794 32.75
795 32.75
796 32.75
797 32.75
798 32.81
799 32.81
800 32.87
801 32.87
802 32.93
803 32.93
804 33
805 33
806 33.06
807 33.06
808 33.12
809 33.18
810 33.18
811 33.25
812 33.25
813 33.31
814 33.31
815 33.37
816 33.37
817 33.37
818 33.37
819 33.37
820 33.37
821 33.43
822 33.43
823 33.43
824 33.43
825 33.43
826 33.37
827 33.37
828 33.37
829 33.31
830 33.31
831 33.25
832 33.25
833 33.25
834 33.18
835 33.12
836 33.12
837 33.12
838 33.06
839 33.06
840 33.06
841 33
842 33
843 32.93
844 33
845 32.93
846 32.93
847 32.93
848 32.93
849 32.93
850 33
851 32.93
852 32.93
853 32.93
854 32.93
855 32.93
856 32.93
857 32.93
858 33
859 33
860 33
861 33
862 33
863 33
864 33.06
865 33.06
866 33.06
867 33.06
868 33.06
869 33.06
870 33.06
871 33.06
872 33
873 33
874 33
875 33
876 33
877 33
878 33
879 32.93
880 32.93
881 32.93
882 32.93
883 32.93
884 32.93
885 32.93
886 32.93
887 32.93
888 32.87
889 32.87
890 32.87
891 32.87
892 32.81
893 32.81
894 32.81
895 32.81
896 32.81
897 32.81
898 32.81
899 32.87
900 32.87
901 32.87
902 32.93
903 32.93
904 33
905 33.06
906 33.06
907 33.12
908 33.12
909 33.18
910 33.25
911 33.25
912 33.31
913 33.37
914 33.37
915 33.37
916 33.43
917 33.43
918 33.43
919 33.43
920 33.43
921 33.43
922 33.43
923 33.43
924 33.43
925 33.37
926 33.43
927 33.37
928 33.37
929 33.31
930 33.31
931 33.25
932 33.18
933 33.18
934 33.12
935 33.06
936 33.06
937 32.93
938 32.87
939 32.81
940 32.75
941 32.68
942 32.62
943 32.56
944 32.5
945 32.43
946 32.43
947 32.37
948 32.31
949 32.31
950 32.25
951 32.18
952 32.18
953 32.18
954 32.12
955 32.12
956 32.18
957 32.18
958 32.25
959 32.25
960 32.31
961 32.37
962 32.43
963 32.5
964 32.62
965 32.75
966 32.81
967 32.93
968 33.06
969 33.18
970 33.25
971 33.37
972 33.5
973 33.62
974 33.81
975 33.87
976 34
977 34.12
978 34.31
979 34.37
980 34.5
981 34.62
982 34.75
983 34.81
984 34.93
985 35
986 35.06
987 35.12
988 35.12
989 35.18
990 35.25
991 35.25
992 35.25
993 35.25
994 35.25
995 35.25
996 35.25
997 35.25
998 35.25
999 35.18
1000 35.12
1001 35.12
1002 35.06
1003 35
1004 35
1005 34.93
1006 34.81
1007 34.81
1008 34.75
1009 34.68
1010 34.62
1011 34.62
1012 34.56
1013 34.5
1014 34.5
1015 34.43
1016 34.43
1017 34.43
1018 34.43
1019 34.43
1020 34.37
1021 34.37
1022 34.43
1023 34.43
1024 34.37
1025 34.43
1026 34.43
1027 34.43
1028 34.5
1029 34.5
1030 34.5
1031 34.5
1032 34.56
1033 34.56
1034 34.56
1035 34.56
1036 34.56
1037 34.56
1038 34.56
1039 34.56
1040 34.56
1041 34.5
1042 34.5
1043 34.5
1044 34.43
1045 34.43
1046 34.37
1047 34.37
1048 34.31
1049 34.25
1050 34.18
1051 34.18
1052 34.12
1053 34.06
1054 34
1055 34
1056 33.93
1057 33.87
1058 33.87
1059 33.87
1060 33.81
1061 33.81
1062 33.75
1063 33.81
1064 33.81
1065 33.81
1066 33.87
1067 33.87
1068 33.93
1069 34
1070 34.06
1071 34.12
1072 34.18
1073 34.31
1074 34.37
1075 34.5
1076 34.56
1077 34.68
1078 34.81
1079 34.93
1080 35.06
1081 35.12
1082 35.25
1083 35.31
1084 35.43
1085 35.5
1086 35.62
1087 35.62
1088 35.68
1089 35.75
1090 35.75
1091 35.75
1092 35.75
1093 35.75
1094 35.75
1095 35.75
1096 35.68
1097 35.68
1098 35.68
1099 35.68
1100 35.62
1101 35.56
1102 35.5
1103 35.37
1104 35.37
1105 35.25
1106 35.18
1107 35.12
1108 35.06
1109 35
1110 34.93
1111 34.87
1112 34.81
1113 34.68
1114 34.62
1115 34.56
1116 34.5
1117 34.43
1118 34.37
1119 34.25
1120 34.18
1121 34.18
1122 34.12
1123 34.06
1124 34.06
1125 34
1126 34
1127 34.06
1128 34.06
1129 34.12
1130 34.18
1131 34.18
1132 34.25
1133 34.31
1134 34.43
1135 34.5
1136 34.56
1137 34.68
1138 34.75
1139 34.87
1140 34.93
1141 35
1142 35.12
1143 35.18
1144 35.25
1145 35.31
1146 35.43
1147 35.43
1148 35.5
1149 35.5
1150 35.56
1151 35.56
1152 35.56
1153 35.56
1154 35.56
1155 35.56
1156 35.5
1157 35.5
1158 35.5
1159 35.43
1160 35.37
1161 35.37
1162 35.31
1163 35.31
1164 35.25
1165 35.18
1166 35.12
1167 35
1168 34.93
1169 34.81
1170 34.75
1171 34.62
1172 34.56
1173 34.37
1174 34.31
1175 34.25
1176 34.18
1177 34.12
1178 34.06
1179 34
1180 33.93
1181 33.93
1182 33.93
1183 33.87
1184 33.87
1185 33.87
1186 33.87
1187 33.87
1188 33.87
1189 33.87
1190 33.87
1191 33.87
1192 33.93
1193 34
1194 34.12
1195 34.18
1196 34.31
1197 34.37
1198 34.5
1199 34.56
1200 34.68
1201 34.75
1202 34.87
1203 34.93
1204 35
1205 35.06
1206 35.06
1207 35.12
1208 35.18
1209 35.18
1210 35.18
1211 35.18
1212 35.25
1213 35.25
1214 35.25
1215 35.25
1216 35.25
1217 35.25
1218 35.18
1219 35.18
1220 35.12
1221 35.12
1222 35
1223 35
1224 34.93
1225 34.87
1226 34.75
1227 34.75
1228 34.68
1229 34.68
1230 34.62
1231 34.56
1232 34.5
1233 34.5
1234 34.43
1235 34.43
1236 34.43
1237 34.37
1238 34.37
1239 34.37
1240 34.37
1241 34.43
1242 34.43
1243 34.5
1244 34.56
1245 34.56
1246 34.62
1247 34.68
1248 34.81
1249 34.87
1250 34.93
1251 35
1252 35.06
1253 35.12
1254 35.18
1255 35.25
1256 35.25
1257 35.31
1258 35.31
1259 35.37
1260 35.37
