1 29
2 29
3 29
4 29
5 29
6 29
7 29
8 29
9 29
10 29
11 29
12 29
13 29
14 29
15 29
16 29
17 29
18 29
19 29
20 29
21 29
22 29
23 29
24 29
25 29
26 29
27 29
28 29
29 29
30 29
31 63.9087141666667
32 59.3661375
33 59.8598958333333
34 61.0359091666667
35 61.4408875
36 61.9442958333334
37 62.4477041666667
38 63.6333675
39 64.0479958333333
40 64.5610541666666
41 65.0741125
42 64.9049158333333
43 65.5067541666667
44 66.0101625
45 66.5135708333333
46 67.0169791666667
47 66.8381325
48 66.6343566666666
49 67.2316916666666
50 67.0319366666666
51 66.9209616666667
52 66.8003366666666
53 67.3523166666666
54 66.3276474999999
55 66.2912991666666
56 66.1304658333333
57 65.1640183333332
58 65.0874616666666
59 65.568675
60 64.4732391666666
61 64.3661241666666
62 64.1345241666666
63 63.0973099999999
64 62.9499866666666
65 62.6781783333333
66 62.3967199999999
67 61.3096474999999
68 60.4302108333333
69 60.083615
70 59.07519
71 58.811745
72 57.6442558333333
73 56.6844025
74 55.5751349999999
75 55.2573283333333
76 54.0190725
77 53.6707074999999
78 53.1978575
79 52.7153575
80 51.4272433333333
81 50.346765
82 49.7991275
83 48.5896608333333
84 48.1251741666666
85 47.4388983333333
86 46.8714783333333
87 45.5957483333333
88 44.9676941666666
89 43.6778108333333
90 43.1329075
91 41.6839599999999
92 41.1249033333333
93 40.4413616666666
94 39.6344608333333
95 38.9464158333333
96 38.2323158333333
97 37.5085658333333
98 36.6614566666666
99 36.6154583333333
100 35.7723699999999
101 35.7003166666666
102 34.8475783333333
103 34.765875
104 33.9034866666666
105 33.8121333333333
106 32.8263858333333
107 32.0579241666666
108 32.6279175
109 31.6461908333333
110 31.5339291666666
111 31.3232374999999
112 31.1125458333333
113 30.9018541666666
114 30.6911624999999
115 30.4804708333333
116 30.9520341666666
117 29.9703074999999
118 30.5403008333333
119 30.2408291666666
120 30.8357516666666
121 30.5311333333333
122 31.023605
123 30.7450416666666
124 31.2471633333333
125 30.9782499999999
126 31.4900216666666
127 32.0267224999999
128 32.4445675
129 32.8884674999999
130 33.3420175
131 33.9189266666666
132 34.37698
133 34.1788333333333
134 34.7613716666666
135 35.25513
136 35.8722475
137 36.3705091666666
138 36.2125708333333
139 36.8353174999999
140 37.3692841666666
141 37.2306458333333
142 37.1904374999999
143 37.9461933333333
144 37.8024083333333
145 37.7734583333333
146 37.7445083333333
147 38.3978133333333
148 38.2800833333333
149 38.2607833333333
150 38.9237383333333
151 39.4979133333333
152 39.3994833333333
153 40.1954475
154 40.0918708333333
155 40.7853841666666
156 41.3901174999999
157 41.3222458333333
158 42.0350591666666
159 41.9768374999999
160 42.0170458333333
161 42.8532183333333
162 42.78985
163 42.8413166666666
164 42.8927833333333
165 42.94425
166 42.9957166666666
167 43.0471833333333
168 43.09865
169 43.1501166666666
170 43.2015833333333
171 43.2530499999999
172 43.3045166666666
173 43.3559833333333
174 43.4074499999999
175 43.4589166666666
176 43.5103833333333
177 43.56185
178 43.6133166666666
179 42.8688191666666
180 43.0238624999999
181 43.0640708333333
182 43.1042791666666
183 43.1444874999999
184 42.5024408333332
185 42.6314291666666
186 42.6619874999999
187 42.6925458333333
188 42.7231041666666
189 42.7536624999999
190 42.7842208333333
191 42.8147791666666
192 42.8453374999999
193 42.8758958333333
194 42.9064541666666
195 42.9370124999999
196 42.9675708333333
197 42.9981291666666
198 43.0286874999999
199 42.3769908333333
200 43.1785841666666
201 43.1107124999999
202 43.1412708333333
203 43.1718291666666
204 43.2023874999999
205 43.2329458333333
206 43.2635041666666
207 42.6118075
208 42.7311458333333
209 42.7520541666666
210 42.7729625
211 42.1116158333333
212 42.2213041666666
213 42.2325625
214 42.2438208333333
215 41.4591149999999
216 41.5739499999999
217 41.5739499999999
218 40.8916949999999
219 41.66273
220 41.5642999999999
221 41.5642999999999
222 40.8820449999999
223 40.9708249999999
224 40.27892
225 40.35805
226 40.33875
227 40.31945
228 39.6178949999999
229 39.687375
230 38.8624608333333
231 38.9370874999999
232 38.8968791666666
233 38.8566708333333
234 38.8164625
235 38.7762541666666
236 38.7360458333333
237 39.4918016666666
238 39.3480166666666
239 40.0013216666666
240 39.8835916666666
241 40.5465466666666
242 40.4384666666666
243 40.4288166666666
244 41.1014216666666
245 41.0029916666666
246 41.0029916666666
247 41.0029916666666
248 41.7989558333333
249 41.6953791666666
250 41.7066375
251 40.9219316666666
252 41.0367666666666
253 41.0367666666666
254 41.0367666666666
255 41.0367666666666
256 41.0367666666666
257 41.0367666666666
258 41.0367666666666
259 41.0367666666666
260 41.8327308333333
261 41.7291541666666
262 41.7404125
263 41.7516708333333
264 41.7629291666666
265 41.7741875
266 41.7854458333333
267 41.7967041666666
268 41.8079625
269 41.8192208333333
270 41.8304791666666
271 41.8417375
272 42.5352508333333
273 42.4577291666667
274 42.4786375
275 42.4995458333333
276 42.5204541666667
277 42.5413625
278 42.5622708333333
279 42.5831791666667
280 43.2863424999999
281 42.5362158333333
282 41.9732991666666
283 42.0829875
284 41.2982816666666
285 40.7308616666666
286 40.8196416666666
287 40.8099916666666
288 40.8003416666666
289 40.1084366666667
290 40.1875666666667
291 40.1682666666667
292 40.1489666666667
293 40.1296666666667
294 40.1103666666667
295 39.4088116666666
296 39.4782916666666
297 39.4493416666666
298 39.4203916666666
299 39.3914416666666
300 0
301 5.88971666666666
302 4.42146916666666
303 3.8527625
304 3.16922083333333
305 2.48567916666667
306 1.80213750000001
307 1.11859583333334
308 1.23101833333335
309 0.443900000000021
310 0.453871666666707
311 0
312 0.0196216666666089
313 0
314 0.0292716666666877
315 0.0834725000000205
316 0
317 0.0501800000000259
318 0.693834999999993
319 0.689814166666665
320 0
321 0.0903883333333582
322 0.0919966666666383
323 0.899219166666668
324 0.134295833333326
325 0.264892500000016
326 0.306709166666629
327 1.15414
328 1.79393499999996
329 1.78717999999999
330 2.68446916666668
331 3.37412249999998
332 3.53093499999999
333 4.34957666666662
334 5.21920249999998
335 5.2973675
336 6.18227249999997
337 7.10175666666667
338 7.91203499999997
339 8.18947249999998
340 9.12873916666662
341 10.11899
342 11.000035
343 12.0304941666667
344 12.2694925
345 13.3152308333333
346 14.3955483333333
347 15.36666
348 16.4871858333333
349 16.8162508333333
350 18.065765
351 19.1076433333333
352 19.5029716666666
353 20.8023441666667
354 21.2118258333333
355 22.5417566666667
356 23.6640516666666
357 24.1397966666666
358 25.5195858333333
359 26.0094841666666
360 26.6238675
361 27.36161
362 28.6627516666666
363 29.2189133333333
364 29.9968641666666
365 29.9737041666666
366 30.7476341666667
367 31.4327841666666
368 32.1275841666666
369 32.1497791666666
370 33.0663683333333
371 33.7656716666667
372 34.4910299999999
373 34.5437833333333
374 34.6949666666666
375 35.528405
376 35.5908083333333
377 35.7516416666666
378 36.7084391666666
379 36.7656958333333
380 36.9377875
381 37.1098791666666
382 37.9642258333333
383 38.0475375
384 38.2292791666666
385 37.7287658333333
386 37.9992875
387 38.1713791666666
388 38.3434708333333
389 38.5155625
390 38.6876541666666
391 38.8597458333333
392 38.2358733333333
393 38.5115416666666
394 37.9901199999999
395 38.2397333333333
396 38.3909166666666
397 37.17759
398 37.5063333333333
399 36.8422525
400 36.3954574999999
401 36.6048624999999
402 36.0335825
403 35.5510825
404 35.7411875
405 35.0368983333333
406 34.5498949999999
407 34.7190916666666
408 34.1076033333333
409 33.584895
410 33.7347916666666
411 32.9902941666666
412 33.1453375
413 32.5032908333333
414 31.9500241666667
415 32.0693625
416 31.4080158333333
417 30.72174
418 30.836575
419 30.1543199999999
420 29.560845
421 29.639975
422 28.93842
423 29.0079
424 28.1829858333333
425 28.2576125
426 27.5351491666666
427 26.9014658333333
428 26.9403875
429 26.8808791666667
430 26.8213708333333
431 26.0796075
432 26.1088791666666
433 26.0397208333333
434 25.9705625
435 25.10544
436 24.4576033333333
437 23.7837116666667
438 23.782425
439 23.6827083333333
440 22.9007366666666
441 22.8898
442 22.7804333333333
443 22.6710666666666
444 22.5617
445 22.4523333333333
446 22.3429666666666
447 21.4376358333333
448 21.4318458333333
449 22.107185
450 21.8829833333333
451 21.7736166666666
452 21.66425
453 21.5548833333333
454 21.4455166666666
455 21.33615
456 20.4308191666666
457 20.4250291666666
458 20.3044041666666
459 20.1837791666666
460 20.8591183333333
461 20.6349166666666
462 20.52555
463 20.4161833333333
464 20.3068166666666
465 20.879705
466 20.6815583333333
467 20.5818416666667
468 20.482125
469 21.0646633333333
470 20.8761666666666
471 21.468355
472 21.2895083333333
473 22.0050558333333
474 22.5033175
475 22.3453791666667
476 22.2858708333333
477 22.9086174999999
478 23.4425841666666
479 23.3039458333333
480 24.0597016666666
481 24.5981716666667
482 24.4804416666667
483 25.1433966666666
484 25.0353166666666
485 25.0256666666666
486 25.6982716666666
487 25.5998416666666
488 25.5998416666666
489 26.3958058333333
490 26.2922291666666
491 26.3034875
492 26.9970008333333
493 26.9194791666667
494 26.9403875
495 27.6435508333333
496 27.5756791666666
497 27.6062375
498 27.6367958333333
499 28.3496091666666
500 28.2913875
501 28.3315958333333
502 29.1677683333333
503 29.1044
504 29.8381216666667
505 29.8008083333333
506 29.861925
507 29.9230416666667
508 29.3019033333333
509 29.4518
510 30.1855216666667
511 30.1482083333333
512 30.209325
513 30.2704416666667
514 30.3315583333333
515 30.392675
516 30.4537916666667
517 30.5149083333333
518 30.576025
519 29.9548866666666
520 30.1047833333333
521 30.15625
522 30.2077166666667
523 30.2591833333333
524 30.31065
525 29.5661525
526 29.7211958333333
527 29.0791491666666
528 29.2081375
529 29.2386958333333
530 29.2692541666666
531 29.2998125
532 29.3303708333333
533 29.3609291666666
534 29.3914875
535 29.4220458333333
536 29.4526041666666
537 29.4831625
538 29.5137208333333
539 29.5442791666666
540 28.8925825
541 29.0119208333333
542 29.7150841666666
543 28.9649575
544 29.7665508333333
545 29.6986791666666
546 29.7292375
547 29.7597958333333
548 29.1080991666667
549 29.2274375
550 29.2483458333333
551 29.2692541666667
552 29.2901625
553 29.3110708333333
554 29.3319791666667
555 29.3528875
556 28.6915408333333
557 28.8012291666667
558 28.8124875
559 28.8237458333333
560 28.03904
561 28.153875
562 28.153875
563 28.153875
564 28.153875
565 28.9498391666667
566 28.8462625
567 28.8575208333333
568 28.8687791666667
569 28.8800375
570 28.8912958333333
571 28.10659
572 28.221425
573 27.53917
574 27.62795
575 27.6183
576 27.60865
577 26.916745
578 26.995875
579 26.976575
580 26.957275
581 26.937975
582 26.918675
583 26.899375
584 26.880075
585 26.860775
586 26.841475
587 26.822175
588 26.12062
589 26.1901
590 26.16115
591 26.1322
592 25.3072858333333
593 25.3819125
594 25.3417041666667
595 25.3014958333333
596 25.2612875
597 25.2210791666667
598 25.1808708333333
599 25.1406625
600 42.1568291666667
601 39.2148658333333
602 39.5046875
603 39.6960791666666
604 39.8874708333333
605 40.0788625
606 40.2702541666666
607 40.4616458333333
608 40.6530375
609 40.8444291666666
610 41.0358208333333
611 41.2272125
612 40.7363491666667
613 41.0165208333333
614 41.1982625
615 41.3800041666667
616 41.5617458333333
617 41.0612325
618 41.3317541666667
619 41.5038458333333
620 40.8799733333333
621 41.1556416666667
622 40.63422
623 40.8838333333333
624 40.3527616666667
625 40.592725
626 40.0520033333333
627 40.2823166666667
628 39.6182358333333
629 39.8536958333333
630 39.2920658333333
631 39.5014708333333
632 38.9301908333333
633 39.1299458333333
634 38.5490158333333
635 37.9431566666667
636 38.1384083333333
637 37.53657
638 37.7057666666666
639 37.0942783333333
640 37.253825
641 36.6326866666666
642 35.9866191666667
643 36.1416625
644 35.4996158333333
645 35.6286041666666
646 34.9769075
647 34.4139908333333
648 34.5236791666667
649 33.7389733333333
650 33.8538083333333
651 33.1715533333333
652 33.2603333333333
653 32.5684283333333
654 32.6475583333333
655 31.9460033333333
656 32.0154833333333
657 31.9865333333333
658 31.1616191666666
659 31.2362458333333
660 30.5137825
661 30.5623541666666
662 30.5124958333333
663 29.7803825
664 29.8193041666667
665 29.7597958333333
666 29.7002875
667 28.9585241666666
668 28.9877958333333
669 28.9186375
670 28.8494791666667
671 27.9843566666666
672 28.018775
673 27.9383583333333
674 27.8579416666667
675 27.777525
676 27.6971083333333
677 26.9344366666666
678 26.9428
679 26.8527333333333
680 26.7626666666666
681 26.6726
682 26.5825333333333
683 26.4924666666666
684 26.4024
685 26.3123333333333
686 26.2222666666666
687 26.1322
688 26.0421333333333
689 25.9520666666666
690 25.8619999999999
691 26.4541883333333
692 26.2753416666666
693 26.194925
694 26.1145083333333
695 26.0340916666666
696 25.953675
697 25.8732583333333
698 25.7928416666666
699 26.5083891666666
700 26.3243958333333
701 26.2552375
702 26.1860791666666
703 26.7991758333333
704 26.6412375
705 26.5817291666667
706 26.5222208333333
707 27.1449674999999
708 26.9966791666666
709 26.9468208333333
710 27.5792175
711 27.4405791666666
712 27.4003708333333
713 27.3601625
714 27.3199541666666
715 28.07571
716 27.931925
717 28.58523
718 28.4675
719 28.4482
720 29.1111549999999
721 29.003075
722 28.993425
723 28.983775
724 29.65638
725 29.55795
726 29.55795
727 29.55795
728 29.55795
729 29.55795
730 30.3539141666666
731 30.2503375
732 30.2615958333333
733 30.2728541666666
734 30.2841125
735 30.2953708333333
736 30.9888841666667
737 30.9113625
738 30.9322708333333
739 30.9531791666667
740 30.9740875
741 30.9949958333333
742 30.3336491666666
743 30.4433375
744 30.4545958333333
745 31.1481091666667
746 31.0705875
747 31.0914958333333
748 31.1124041666667
749 31.1333125
750 31.8364758333333
751 31.0863491666667
752 31.8879424999999
753 31.8200708333333
754 31.8506291666666
755 31.1989325
756 32.0005258333333
757 31.9326541666666
758 31.9632125
759 31.9937708333333
760 32.0243291666666
761 32.0548875
762 32.0854458333333
763 32.1160041666666
764 32.1465625
765 32.1771208333333
766 32.2076791666666
767 32.2382375
768 32.2687958333333
769 32.2993541666666
770 32.3299124999999
771 32.3604708333333
772 32.3910291666666
773 32.4215875
774 32.4521458333333
775 31.8004491666667
776 31.9197875
777 31.9406958333333
778 31.9616041666667
779 31.9825125
780 31.3211658333333
781 32.1131091666667
782 32.0355875
783 31.3742408333333
784 32.1661841666667
785 31.4064075
786 31.5160958333333
787 31.5273541666666
788 31.5386125
789 31.5498708333333
790 31.5611291666666
791 31.5723875
792 31.5836458333333
793 31.5949041666666
794 31.6061625
795 31.6174208333333
796 31.6286791666667
797 30.8439733333333
798 30.9588083333333
799 30.2765533333333
800 30.3653333333333
801 30.3556833333333
802 31.0282883333333
803 30.9298583333333
804 30.9298583333333
805 30.2476033333333
806 30.3363833333333
807 30.3267333333333
808 30.3170833333333
809 30.3074333333333
810 29.6155283333333
811 29.6946583333333
812 29.6753583333333
813 29.6560583333333
814 28.9545033333333
815 29.0239833333333
816 28.9950333333333
817 28.9660833333333
818 28.9371333333333
819 28.9081833333333
820 28.8792333333333
821 28.8502833333333
822 28.8213333333333
823 28.7923833333333
824 28.7634333333333
825 28.7344833333333
826 27.9095691666666
827 28.78016
828 28.636375
829 28.607425
830 28.578475
831 28.549525
832 28.520575
833 28.491625
834 28.462675
835 28.433725
836 29.08703
837 28.9693
838 28.95
839 28.9307
840 28.9114
841 28.8921
842 28.8728
843 29.5357549999999
844 28.74542
845 28.82455
846 28.80525
847 28.78595
848 28.76665
849 28.74735
850 28.72805
851 29.391005
852 29.282925
853 29.273275
854 29.263625
855 29.253975
856 29.244325
857 29.234675
858 29.90728
859 29.80885
860 29.80885
861 29.80885
862 29.80885
863 29.80885
864 29.80885
865 29.80885
866 30.6048141666667
867 30.5012375
868 30.5124958333333
869 30.5237541666666
870 30.5350125
871 30.5462708333333
872 30.5575291666667
873 30.5687875
874 31.2623008333333
875 31.1847791666667
876 31.2056875
877 31.2265958333333
878 31.2475041666667
879 31.2684125
880 31.2893208333333
881 31.3102291666667
882 31.3311375
883 31.3520458333333
884 31.3729541666667
885 32.0761175
886 32.0082458333333
887 32.0388041666666
888 32.0693625
889 31.4176658333333
890 32.2192591666666
891 32.1513875
892 32.1819458333333
893 32.2125041666666
894 32.2430625
895 32.2736208333333
896 32.3041791666666
897 32.3347375
898 32.3652958333333
899 32.3958541666666
900 31.7441575
