0 34.75
1 34.75
2 34.75
3 34.75
4 34.75
5 34.75
6 34.75
7 34.75
8 34.81
9 34.81
10 34.81
11 34.81
12 34.81
13 34.81
14 34.81
15 34.81
16 34.81
17 34.81
18 34.87
19 34.87
20 34.93
21 34.93
22 34.93
23 35
24 35.06
25 35.06
26 35.12
27 35.12
28 35.18
29 35.18
30 35.25
31 35.25
32 35.31
33 35.37
34 35.43
35 35.5
36 35.56
37 35.62
38 35.68
39 35.68
40 35.75
41 35.81
42 35.81
43 35.87
44 35.93
45 36
46 36
47 36.12
48 36.18
49 36.18
50 36.25
51 36.31
52 36.37
53 36.43
54 36.43
55 36.5
56 36.5
57 36.56
58 36.62
59 36.68
60 36.68
61 36.75
62 36.81
63 36.87
64 36.93
65 36.93
66 37
67 37.06
68 37.12
69 37.18
70 37.25
71 37.25
72 37.31
73 37.31
74 37.37
75 37.37
76 37.43
77 37.5
78 37.56
79 37.62
80 37.68
81 37.75
82 37.75
83 37.81
84 37.81
85 37.87
86 37.93
87 38
88 38
89 38
90 38.06
91 38.06
92 38.12
93 38.18
94 38.18
95 38.18
96 38.25
97 38.25
98 38.31
99 38.37
100 38.37
101 38.43
102 38.5
103 38.56
104 38.56
105 38.56
106 38.56
107 38.62
108 38.62
109 38.68
110 38.68
111 38.75
112 38.75
113 38.75
114 38.81
115 38.81
116 38.81
117 38.87
118 38.81
119 38.87
120 38.87
121 38.87
122 38.93
123 38.93
124 38.93
125 38.93
126 38.93
127 38.93
128 39
129 39
130 39
131 39
132 39.06
133 39.06
134 39.06
135 39.12
136 39.12
137 39.12
138 39.12
139 39.18
140 39.18
141 39.18
142 39.18
143 39.25
144 39.25
145 39.25
146 39.25
147 39.31
148 39.31
149 39.31
150 39.31
151 39.25
152 39.31
153 39.31
154 39.37
155 39.43
156 39.5
157 39.5
158 39.56
159 39.56
160 39.62
161 39.62
162 39.62
163 39.68
164 39.68
165 39.68
166 39.68
167 39.75
168 39.75
169 39.75
170 39.68
171 39.68
172 39.75
173 39.68
174 39.68
175 39.68
176 39.62
177 39.62
178 39.62
179 39.68
180 39.68
181 39.68
182 39.68
183 39.68
184 39.68
185 39.75
186 39.75
187 39.75
188 39.75
189 39.75
190 39.81
191 39.75
192 39.75
193 39.75
194 39.75
195 39.81
196 39.75
197 39.81
198 39.81
199 39.81
200 39.81
201 39.87
202 39.87
203 39.81
204 39.81
205 39.87
206 39.87
207 39.87
208 39.87
209 39.87
210 39.93
211 39.93
212 39.93
213 40
214 40
215 40
216 40
217 40
218 40
219 40
220 40
221 40
222 40
223 40
224 40
225 39.93
226 39.93
227 39.93
228 39.93
229 39.93
230 39.93
231 40
232 40
233 40
234 40
235 40
236 40
237 40
238 40
239 40
240 39.93
241 40
242 40
243 40
244 39.93
245 39.93
246 39.93
247 39.93
248 40
249 39.93
250 39.93
251 39.93
252 40
253 40
254 40
255 40.06
256 40.06
257 40.06
258 40.06
259 40.12
260 40.12
261 40.12
262 40.12
263 40.12
264 40.18
265 40.12
266 40.12
267 40.18
268 40.18
269 40.18
270 40.18
271 40.12
272 40.18
273 40.18
274 40.18
275 40.18
276 40.18
277 40.18
278 40.18
279 40.18
280 40.18
281 40.12
282 40.12
283 40.18
284 40.18
285 40.25
286 40.25
287 40.18
288 40.18
289 40.18
290 40.25
291 40.25
292 40.25
293 40.25
294 40.25
295 40.25
296 40.25
297 40.18
298 40.25
299 40.25
300 40.18
301 40.18
302 40.18
303 40.18
304 40.18
305 40.18
306 40.25
307 40.25
308 40.25
309 40.25
310 40.25
311 40.25
312 40.31
313 40.31
314 40.31
315 40.31
316 40.31
317 40.31
318 40.37
319 40.37
320 40.43
321 40.43
322 40.43
323 40.43
324 40.43
325 40.43
326 40.43
327 40.43
328 40.43
329 40.43
330 40.37
331 40.37
332 40.37
333 40.37
334 40.31
335 40.31
336 40.31
337 40.37
338 40.37
339 40.43
340 40.43
341 40.43
342 40.43
343 40.43
344 40.43
345 40.43
346 40.43
347 40.43
348 40.43
349 40.5
350 40.5
351 40.43
352 40.5
353 40.43
354 40.43
355 40.43
356 40.43
357 40.5
358 40.5
359 40.5
360 40.56
