0 34.5
1 34.5
2 34.5
3 34.5
4 34.5
5 34.5
6 34.5
7 34.5
8 34.56
9 34.56
10 34.56
11 34.62
12 34.68
13 34.68
14 34.75
15 34.81
16 34.87
17 34.87
18 34.93
19 35
20 35.06
21 35.12
22 35.18
23 35.25
24 35.37
25 35.43
26 35.5
27 35.62
28 35.75
29 35.81
30 35.93
31 36
32 36.12
33 36.18
34 36.31
35 36.43
36 36.56
37 36.62
38 36.75
39 36.87
40 36.93
41 37.06
42 37.18
43 37.25
44 37.37
45 37.5
46 37.56
47 37.68
48 37.81
49 37.93
50 38.06
51 38.18
52 38.31
53 38.37
54 38.5
55 38.56
56 38.68
57 38.81
58 38.93
59 39
60 39.12
61 39.18
62 39.31
63 39.37
64 39.5
65 39.62
66 39.68
67 39.81
68 39.87
69 40
70 40.06
71 40.12
72 40.18
73 40.31
74 40.37
75 40.43
76 40.5
77 40.56
78 40.62
79 40.68
80 40.81
81 40.87
82 41
83 41.06
84 41.12
85 41.18
86 41.31
87 41.43
88 41.5
89 41.62
90 41.62
91 41.75
92 41.81
93 41.87
94 41.93
95 42
96 42.06
97 42.12
98 42.18
99 42.25
100 42.31
101 42.37
102 42.43
103 42.5
104 42.56
105 42.62
106 42.75
107 42.75
108 42.81
109 42.87
110 42.93
111 43
112 43.06
113 43.12
114 43.18
115 43.18
116 43.25
117 43.25
118 43.31
119 43.31
120 43.37
121 43.37
122 43.43
123 43.5
124 43.43
125 43.5
126 43.5
127 43.5
128 43.56
129 43.62
130 43.62
131 43.62
132 43.68
133 43.75
134 43.81
135 43.87
136 43.87
137 43.93
138 43.93
139 43.87
140 43.93
141 43.93
142 44
143 44.06
144 44.06
145 44.06
146 44.06
147 44.06
148 44.12
149 44.18
150 44.18
151 44.25
152 44.25
153 44.31
154 44.31
155 44.31
156 44.31
157 44.31
158 44.31
159 44.37
160 44.37
161 44.43
162 44.43
163 44.5
164 44.56
165 44.56
166 44.62
167 44.62
168 44.68
169 44.75
170 44.75
171 44.75
172 44.81
173 44.81
174 44.87
175 44.93
176 44.93
177 45
178 45
179 45
180 45.06
181 45.06
182 45.12
183 45.12
184 45.12
185 45.12
186 45.12
187 45.12
188 45.12
189 45.12
190 45.12
191 45.12
192 45.18
193 45.18
194 45.25
195 45.25
196 45.25
197 45.25
198 45.25
199 45.25
200 45.25
201 45.25
202 45.31
203 45.25
204 45.18
205 45.18
206 45.18
207 45.18
208 45.25
209 45.31
210 45.31
211 45.31
212 45.31
213 45.31
214 45.31
215 45.31
216 45.37
217 45.31
218 45.31
219 45.31
220 45.31
221 45.37
222 45.37
223 45.43
224 45.43
225 45.43
226 45.43
227 45.43
228 45.43
229 45.5
230 45.5
231 45.56
232 45.62
233 45.62
234 45.68
235 45.68
236 45.75
237 45.81
238 45.81
239 45.87
240 45.93
241 45.93
242 45.93
243 45.93
244 45.87
245 45.87
246 45.93
247 45.93
248 46
249 46
250 46
251 46.06
252 46.06
253 46
254 46
255 46
256 45.93
257 45.93
258 45.93
259 45.93
260 45.93
261 45.87
262 45.87
263 45.87
264 45.93
265 45.87
266 45.87
267 45.87
268 45.87
269 45.81
270 45.75
271 45.68
272 45.68
273 45.68
274 45.62
275 45.62
276 45.62
277 45.62
278 45.68
279 45.75
280 45.81
281 45.87
282 45.87
283 45.87
284 45.87
285 45.87
286 45.81
287 45.81
288 45.87
289 45.87
290 45.87
291 45.93
292 45.93
293 45.87
294 45.87
295 45.87
296 45.93
297 45.93
298 45.93
299 45.93
300 46
301 45.93
302 45.93
303 45.93
304 45.87
305 45.87
306 45.81
307 45.81
308 45.75
309 45.75
310 45.81
311 45.81
312 45.81
313 45.81
314 45.81
315 45.81
316 45.81
317 45.75
318 45.75
319 45.75
320 45.75
321 45.68
322 45.68
323 45.68
324 45.68
325 45.68
326 45.62
327 45.68
328 45.68
329 45.68
330 45.68
331 45.75
332 45.81
333 45.81
334 45.81
335 45.81
336 45.87
337 45.87
338 45.87
339 45.93
340 45.93
341 45.93
342 46
343 46
344 46
345 46.06
346 46.06
347 46.06
348 46.06
349 46.06
350 46.12
351 46.12
352 46.12
353 46.06
354 46.06
355 46.06
356 46.06
357 46.06
358 46.06
359 46.06
360 46.06
