0 34.68
1 34.68
2 34.68
3 34.68
4 34.75
5 34.75
6 34.75
7 34.75
8 34.75
9 34.75
10 34.75
11 34.75
12 34.75
13 34.81
14 34.81
15 34.81
16 34.87
17 34.87
18 34.87
19 34.87
20 34.87
21 34.87
22 34.87
23 34.87
24 34.93
25 34.93
26 34.93
27 34.93
28 34.93
29 35
30 35
31 35.06
32 35.12
33 35.12
34 35.18
35 35.25
36 35.25
37 35.31
38 35.31
39 35.31
40 35.37
41 35.43
42 35.5
43 35.5
44 35.5
45 35.56
46 35.56
47 35.56
48 35.56
49 35.62
50 35.62
51 35.62
52 35.62
53 35.62
54 35.62
55 35.68
56 35.68
57 35.75
58 35.75
59 35.81
60 35.87
61 35.87
62 35.87
63 35.87
64 35.87
65 35.93
66 35.93
67 36
68 36
69 36.06
70 36.12
71 36.12
72 36.18
73 36.18
74 36.18
75 36.25
76 36.25
77 36.31
78 36.31
79 36.31
80 36.37
81 36.37
82 36.37
83 36.37
84 36.43
85 36.43
86 36.43
87 36.43
88 36.43
89 36.43
90 36.43
91 36.5
92 36.56
93 36.56
94 36.62
95 36.62
96 36.62
97 36.62
98 36.62
99 36.62
100 36.68
101 36.68
102 36.68
103 36.68
104 36.75
105 36.75
106 36.75
107 36.75
108 36.75
109 36.75
110 36.81
111 36.81
112 36.81
113 36.81
114 36.81
115 36.81
116 36.87
117 36.81
118 36.87
119 36.87
120 36.87
121 36.93
122 36.93
123 36.93
124 37
125 37.06
126 37.06
127 37.06
128 37
129 37
130 37
131 37.06
132 37.06
133 37
134 37
135 37
136 37.06
137 37.06
138 37.12
139 37.18
140 37.18
141 37.18
142 37.12
143 37.12
144 37.12
145 37.12
146 37.12
147 37.12
148 37.12
149 37.12
150 37.18
151 37.18
152 37.18
153 37.25
154 37.25
155 37.25
156 37.25
157 37.25
158 37.25
159 37.25
160 37.18
161 37.18
162 37.25
163 37.18
164 37.25
165 37.25
166 37.25
167 37.31
168 37.25
169 37.31
170 37.31
171 37.31
172 37.31
173 37.31
174 37.31
175 37.31
176 37.31
177 37.31
178 37.31
179 37.31
180 37.31
181 37.25
182 37.25
183 37.31
184 37.25
185 37.25
186 37.25
187 37.18
188 37.18
189 37.18
190 37.18
191 37.18
192 37.18
193 37.25
194 37.18
195 37.25
196 37.31
197 37.31
198 37.31
199 37.31
200 37.25
201 37.25
202 37.25
203 37.25
204 37.25
205 37.25
206 37.31
207 37.31
208 37.31
209 37.31
210 37.31
211 37.31
212 37.31
213 37.31
214 37.31
215 37.31
216 37.31
217 37.31
218 37.31
219 37.31
220 37.25
221 37.25
222 37.25
223 37.31
224 37.31
225 37.31
226 37.31
227 37.31
228 37.31
229 37.31
230 37.31
231 37.31
232 37.31
233 37.37
234 37.31
235 37.37
236 37.31
237 37.37
238 37.37
239 37.37
240 37.37
241 37.37
242 37.37
243 37.43
244 37.43
245 37.43
246 37.43
247 37.43
248 37.5
249 37.5
250 37.5
251 37.5
252 37.56
253 37.5
254 37.5
255 37.5
256 37.43
257 37.43
258 37.43
259 37.43
260 37.43
261 37.5
262 37.5
263 37.56
264 37.5
265 37.5
266 37.5
267 37.5
268 37.5
269 37.5
270 37.56
271 37.5
272 37.5
273 37.5
274 37.5
275 37.5
276 37.5
277 37.5
278 37.5
279 37.5
280 37.5
281 37.5
282 37.5
283 37.5
284 37.5
285 37.5
286 37.56
287 37.56
288 37.56
289 37.56
290 37.56
291 37.56
292 37.5
293 37.5
294 37.56
295 37.56
296 37.56
297 37.56
298 37.56
299 37.56
300 37.56
301 37.56
302 37.5
303 37.5
304 37.5
305 37.5
306 37.5
307 37.5
308 37.5
309 37.5
310 37.56
311 37.56
312 37.56
313 37.56
314 37.56
315 37.56
316 37.56
317 37.56
318 37.56
319 37.56
320 37.62
321 37.62
322 37.68
323 37.68
324 37.68
325 37.68
326 37.68
327 37.62
328 37.62
329 37.68
330 37.68
331 37.75
332 37.75
333 37.75
334 37.75
335 37.75
336 37.68
337 37.75
338 37.68
339 37.68
340 37.62
341 37.62
342 37.68
343 37.68
344 37.62
345 37.68
346 37.68
347 37.68
348 37.68
349 37.68
350 37.68
351 37.75
352 37.75
353 37.81
354 37.81
355 37.81
356 37.81
357 37.81
358 37.75
359 37.75
360 37.75
